素数 : 41
d : 19
a : 23
平方テーブル : {1=>1,
 2=>4,
 3=>9,
 4=>16,
 5=>25,
 6=>36,
 7=>8,
 8=>23,
 9=>40,
 10=>18,
 11=>39,
 12=>21,
 13=>5,
 14=>32,
 15=>20,
 16=>10,
 17=>2,
 18=>37,
 19=>33,
 20=>31,
 21=>31,
 22=>33,
 23=>37,
 24=>2,
 25=>10,
 26=>20,
 27=>32,
 28=>5,
 29=>21,
 30=>39,
 31=>18,
 32=>40,
 33=>23,
 34=>8,
 35=>36,
 36=>25,
 37=>16,
 38=>9,
 39=>4,
 40=>1}
平方根テーブル : [[1, [1, 40]],
 [2, [17, 24]],
 [4, [2, 39]],
 [5, [13, 28]],
 [8, [7, 34]],
 [9, [3, 38]],
 [10, [16, 25]],
 [16, [4, 37]],
 [18, [10, 31]],
 [20, [15, 26]],
 [21, [12, 29]],
 [23, [8, 33]],
 [25, [5, 36]],
 [31, [20, 21]],
 [32, [14, 27]],
 [33, [19, 22]],
 [36, [6, 35]],
 [37, [18, 23]],
 [39, [11, 30]],
 [40, [9, 32]]]
非平方剰余数(d候補) : [3, 6, 7, 11, 12, 13, 14, 15, 17, 19, 22, 24, 26, 27, 28, 29, 30, 34, 35, 38]
逆数テーブル : {1=>1,
 2=>21,
 3=>14,
 4=>31,
 5=>33,
 6=>7,
 7=>6,
 8=>36,
 9=>32,
 10=>37,
 11=>15,
 12=>24,
 13=>19,
 14=>3,
 15=>11,
 16=>18,
 17=>29,
 18=>16,
 19=>13,
 20=>39,
 21=>2,
 22=>28,
 23=>25,
 24=>12,
 25=>23,
 26=>30,
 27=>38,
 28=>22,
 29=>17,
 30=>26,
 31=>4,
 32=>9,
 33=>5,
 34=>35,
 35=>34,
 36=>8,
 37=>10,
 38=>27,
 39=>20,
 40=>40}
曲線上の点 : [
 ( 0, 1 ),
 ( 0, 40 ),
 ( 4, 13 ),
 ( 4, 28 ),
 ( 5, 0 ),
 ( 6, 15 ),
 ( 6, 26 ),
 ( 7, 7 ),
 ( 7, 34 ),
 ( 10, 4 ),
 ( 10, 37 ),
 ( 15, 3 ),
 ( 15, 38 ),
 ( 17, 9 ),
 ( 17, 32 ),
 ( 20, 2 ),
 ( 20, 39 ),
 ( 21, 2 ),
 ( 21, 39 ),
 ( 24, 9 ),
 ( 24, 32 ),
 ( 26, 3 ),
 ( 26, 38 ),
 ( 31, 4 ),
 ( 31, 37 ),
 ( 34, 7 ),
 ( 34, 34 ),
 ( 35, 15 ),
 ( 35, 26 ),
 ( 36, 0 ),
 ( 37, 13 ),
 ( 37, 28 ),
]
各点をベースポイントとして加算した点 :
point : ( 0, 1 ) , order : 1
  ( 0, 1 )
point : ( 0, 40 ) , order : 2
  ( 0, 40 ),( 0, 1 )
point : ( 4, 13 ) , order : 16
  ( 4, 13 ),( 26, 38 ),( 24, 9 ),( 5, 0 ),( 24, 32 ),( 26, 3 ),( 4, 28 ),( 0, 40 ),( 37, 28 ),( 15, 3 ),( 17, 32 ),( 36, 0 ),( 17, 9 ),( 15, 38 ),( 37, 13 ),( 0, 1 )
point : ( 4, 28 ) , order : 16
  ( 4, 28 ),( 15, 38 ),( 24, 32 ),( 36, 0 ),( 24, 9 ),( 15, 3 ),( 4, 13 ),( 0, 40 ),( 37, 13 ),( 26, 3 ),( 17, 9 ),( 5, 0 ),( 17, 32 ),( 26, 38 ),( 37, 28 ),( 0, 1 )
point : ( 5, 0 ) , order : 4
  ( 5, 0 ),( 0, 40 ),( 36, 0 ),( 0, 1 )
point : ( 6, 15 ) , order : 32
  ( 6, 15 ),( 24, 9 ),( 20, 39 ),( 26, 3 ),( 10, 37 ),( 37, 28 ),( 7, 7 ),( 36, 0 ),( 7, 34 ),( 37, 13 ),( 10, 4 ),( 26, 38 ),( 20, 2 ),( 24, 32 ),( 6, 26 ),( 0, 40 ),( 35, 26 ),( 17, 32 ),( 21, 2 ),( 15, 38 ),( 31, 4 ),( 4, 13 ),( 34, 34 ),( 5, 0 ),( 34, 7 ),( 4, 28 ),( 31, 37 ),( 15, 3 ),( 21, 39 ),( 17, 9 ),( 35, 15 ),( 0, 1 )
point : ( 6, 26 ) , order : 32
  ( 6, 26 ),( 17, 9 ),( 20, 2 ),( 15, 3 ),( 10, 4 ),( 4, 28 ),( 7, 34 ),( 5, 0 ),( 7, 7 ),( 4, 13 ),( 10, 37 ),( 15, 38 ),( 20, 39 ),( 17, 32 ),( 6, 15 ),( 0, 40 ),( 35, 15 ),( 24, 32 ),( 21, 39 ),( 26, 38 ),( 31, 37 ),( 37, 13 ),( 34, 7 ),( 36, 0 ),( 34, 34 ),( 37, 28 ),( 31, 4 ),( 26, 3 ),( 21, 2 ),( 24, 9 ),( 35, 26 ),( 0, 1 )
point : ( 7, 7 ) , order : 32
  ( 7, 7 ),( 24, 32 ),( 31, 4 ),( 15, 3 ),( 20, 39 ),( 37, 13 ),( 35, 26 ),( 5, 0 ),( 35, 15 ),( 37, 28 ),( 20, 2 ),( 15, 38 ),( 31, 37 ),( 24, 9 ),( 7, 34 ),( 0, 40 ),( 34, 34 ),( 17, 9 ),( 10, 37 ),( 26, 38 ),( 21, 2 ),( 4, 28 ),( 6, 15 ),( 36, 0 ),( 6, 26 ),( 4, 13 ),( 21, 39 ),( 26, 3 ),( 10, 4 ),( 17, 32 ),( 34, 7 ),( 0, 1 )
point : ( 7, 34 ) , order : 32
  ( 7, 34 ),( 17, 32 ),( 31, 37 ),( 26, 3 ),( 20, 2 ),( 4, 13 ),( 35, 15 ),( 36, 0 ),( 35, 26 ),( 4, 28 ),( 20, 39 ),( 26, 38 ),( 31, 4 ),( 17, 9 ),( 7, 7 ),( 0, 40 ),( 34, 7 ),( 24, 9 ),( 10, 4 ),( 15, 38 ),( 21, 39 ),( 37, 28 ),( 6, 26 ),( 5, 0 ),( 6, 15 ),( 37, 13 ),( 21, 2 ),( 15, 3 ),( 10, 37 ),( 24, 32 ),( 34, 34 ),( 0, 1 )
point : ( 10, 4 ) , order : 32
  ( 10, 4 ),( 4, 13 ),( 6, 15 ),( 26, 38 ),( 34, 34 ),( 24, 9 ),( 20, 2 ),( 5, 0 ),( 20, 39 ),( 24, 32 ),( 34, 7 ),( 26, 3 ),( 6, 26 ),( 4, 28 ),( 10, 37 ),( 0, 40 ),( 31, 37 ),( 37, 28 ),( 35, 26 ),( 15, 3 ),( 7, 7 ),( 17, 32 ),( 21, 39 ),( 36, 0 ),( 21, 2 ),( 17, 9 ),( 7, 34 ),( 15, 38 ),( 35, 15 ),( 37, 13 ),( 31, 4 ),( 0, 1 )
point : ( 10, 37 ) , order : 32
  ( 10, 37 ),( 37, 13 ),( 6, 26 ),( 15, 38 ),( 34, 7 ),( 17, 9 ),( 20, 39 ),( 36, 0 ),( 20, 2 ),( 17, 32 ),( 34, 34 ),( 15, 3 ),( 6, 15 ),( 37, 28 ),( 10, 4 ),( 0, 40 ),( 31, 4 ),( 4, 28 ),( 35, 15 ),( 26, 3 ),( 7, 34 ),( 24, 32 ),( 21, 2 ),( 5, 0 ),( 21, 39 ),( 24, 9 ),( 7, 7 ),( 26, 38 ),( 35, 26 ),( 4, 13 ),( 31, 37 ),( 0, 1 )
point : ( 15, 3 ) , order : 8
  ( 15, 3 ),( 5, 0 ),( 15, 38 ),( 0, 40 ),( 26, 38 ),( 36, 0 ),( 26, 3 ),( 0, 1 )
point : ( 15, 38 ) , order : 8
  ( 15, 38 ),( 36, 0 ),( 15, 3 ),( 0, 40 ),( 26, 3 ),( 5, 0 ),( 26, 38 ),( 0, 1 )
point : ( 17, 9 ) , order : 16
  ( 17, 9 ),( 15, 3 ),( 4, 28 ),( 5, 0 ),( 4, 13 ),( 15, 38 ),( 17, 32 ),( 0, 40 ),( 24, 32 ),( 26, 38 ),( 37, 13 ),( 36, 0 ),( 37, 28 ),( 26, 3 ),( 24, 9 ),( 0, 1 )
point : ( 17, 32 ) , order : 16
  ( 17, 32 ),( 26, 3 ),( 4, 13 ),( 36, 0 ),( 4, 28 ),( 26, 38 ),( 17, 9 ),( 0, 40 ),( 24, 9 ),( 15, 38 ),( 37, 28 ),( 5, 0 ),( 37, 13 ),( 15, 3 ),( 24, 32 ),( 0, 1 )
point : ( 20, 2 ) , order : 32
  ( 20, 2 ),( 4, 28 ),( 7, 7 ),( 15, 38 ),( 6, 15 ),( 24, 32 ),( 31, 37 ),( 36, 0 ),( 31, 4 ),( 24, 9 ),( 6, 26 ),( 15, 3 ),( 7, 34 ),( 4, 13 ),( 20, 39 ),( 0, 40 ),( 21, 39 ),( 37, 13 ),( 34, 34 ),( 26, 3 ),( 35, 26 ),( 17, 9 ),( 10, 4 ),( 5, 0 ),( 10, 37 ),( 17, 32 ),( 35, 15 ),( 26, 38 ),( 34, 7 ),( 37, 28 ),( 21, 2 ),( 0, 1 )
point : ( 20, 39 ) , order : 32
  ( 20, 39 ),( 37, 28 ),( 7, 34 ),( 26, 38 ),( 6, 26 ),( 17, 32 ),( 31, 4 ),( 5, 0 ),( 31, 37 ),( 17, 9 ),( 6, 15 ),( 26, 3 ),( 7, 7 ),( 37, 13 ),( 20, 2 ),( 0, 40 ),( 21, 2 ),( 4, 13 ),( 34, 7 ),( 15, 3 ),( 35, 15 ),( 24, 9 ),( 10, 37 ),( 36, 0 ),( 10, 4 ),( 24, 32 ),( 35, 26 ),( 15, 38 ),( 34, 34 ),( 4, 28 ),( 21, 39 ),( 0, 1 )
point : ( 21, 2 ) , order : 32
  ( 21, 2 ),( 37, 28 ),( 34, 7 ),( 26, 38 ),( 35, 15 ),( 17, 32 ),( 10, 37 ),( 5, 0 ),( 10, 4 ),( 17, 9 ),( 35, 26 ),( 26, 3 ),( 34, 34 ),( 37, 13 ),( 21, 39 ),( 0, 40 ),( 20, 39 ),( 4, 13 ),( 7, 34 ),( 15, 3 ),( 6, 26 ),( 24, 9 ),( 31, 4 ),( 36, 0 ),( 31, 37 ),( 24, 32 ),( 6, 15 ),( 15, 38 ),( 7, 7 ),( 4, 28 ),( 20, 2 ),( 0, 1 )
point : ( 21, 39 ) , order : 32
  ( 21, 39 ),( 4, 28 ),( 34, 34 ),( 15, 38 ),( 35, 26 ),( 24, 32 ),( 10, 4 ),( 36, 0 ),( 10, 37 ),( 24, 9 ),( 35, 15 ),( 15, 3 ),( 34, 7 ),( 4, 13 ),( 21, 2 ),( 0, 40 ),( 20, 2 ),( 37, 13 ),( 7, 7 ),( 26, 3 ),( 6, 15 ),( 17, 9 ),( 31, 37 ),( 5, 0 ),( 31, 4 ),( 17, 32 ),( 6, 26 ),( 26, 38 ),( 7, 34 ),( 37, 28 ),( 20, 39 ),( 0, 1 )
point : ( 24, 9 ) , order : 16
  ( 24, 9 ),( 26, 3 ),( 37, 28 ),( 36, 0 ),( 37, 13 ),( 26, 38 ),( 24, 32 ),( 0, 40 ),( 17, 32 ),( 15, 38 ),( 4, 13 ),( 5, 0 ),( 4, 28 ),( 15, 3 ),( 17, 9 ),( 0, 1 )
point : ( 24, 32 ) , order : 16
  ( 24, 32 ),( 15, 3 ),( 37, 13 ),( 5, 0 ),( 37, 28 ),( 15, 38 ),( 24, 9 ),( 0, 40 ),( 17, 9 ),( 26, 38 ),( 4, 28 ),( 36, 0 ),( 4, 13 ),( 26, 3 ),( 17, 32 ),( 0, 1 )
point : ( 26, 3 ) , order : 8
  ( 26, 3 ),( 36, 0 ),( 26, 38 ),( 0, 40 ),( 15, 38 ),( 5, 0 ),( 15, 3 ),( 0, 1 )
point : ( 26, 38 ) , order : 8
  ( 26, 38 ),( 5, 0 ),( 26, 3 ),( 0, 40 ),( 15, 3 ),( 36, 0 ),( 15, 38 ),( 0, 1 )
point : ( 31, 4 ) , order : 32
  ( 31, 4 ),( 37, 13 ),( 35, 15 ),( 15, 38 ),( 7, 34 ),( 17, 9 ),( 21, 2 ),( 36, 0 ),( 21, 39 ),( 17, 32 ),( 7, 7 ),( 15, 3 ),( 35, 26 ),( 37, 28 ),( 31, 37 ),( 0, 40 ),( 10, 37 ),( 4, 28 ),( 6, 26 ),( 26, 3 ),( 34, 7 ),( 24, 32 ),( 20, 39 ),( 5, 0 ),( 20, 2 ),( 24, 9 ),( 34, 34 ),( 26, 38 ),( 6, 15 ),( 4, 13 ),( 10, 4 ),( 0, 1 )
point : ( 31, 37 ) , order : 32
  ( 31, 37 ),( 4, 13 ),( 35, 26 ),( 26, 38 ),( 7, 7 ),( 24, 9 ),( 21, 39 ),( 5, 0 ),( 21, 2 ),( 24, 32 ),( 7, 34 ),( 26, 3 ),( 35, 15 ),( 4, 28 ),( 31, 4 ),( 0, 40 ),( 10, 4 ),( 37, 28 ),( 6, 15 ),( 15, 3 ),( 34, 34 ),( 17, 32 ),( 20, 2 ),( 36, 0 ),( 20, 39 ),( 17, 9 ),( 34, 7 ),( 15, 38 ),( 6, 26 ),( 37, 13 ),( 10, 37 ),( 0, 1 )
point : ( 34, 7 ) , order : 32
  ( 34, 7 ),( 17, 32 ),( 10, 4 ),( 26, 3 ),( 21, 39 ),( 4, 13 ),( 6, 26 ),( 36, 0 ),( 6, 15 ),( 4, 28 ),( 21, 2 ),( 26, 38 ),( 10, 37 ),( 17, 9 ),( 34, 34 ),( 0, 40 ),( 7, 34 ),( 24, 9 ),( 31, 37 ),( 15, 38 ),( 20, 2 ),( 37, 28 ),( 35, 15 ),( 5, 0 ),( 35, 26 ),( 37, 13 ),( 20, 39 ),( 15, 3 ),( 31, 4 ),( 24, 32 ),( 7, 7 ),( 0, 1 )
point : ( 34, 34 ) , order : 32
  ( 34, 34 ),( 24, 32 ),( 10, 37 ),( 15, 3 ),( 21, 2 ),( 37, 13 ),( 6, 15 ),( 5, 0 ),( 6, 26 ),( 37, 28 ),( 21, 39 ),( 15, 38 ),( 10, 4 ),( 24, 9 ),( 34, 7 ),( 0, 40 ),( 7, 7 ),( 17, 9 ),( 31, 4 ),( 26, 38 ),( 20, 39 ),( 4, 28 ),( 35, 26 ),( 36, 0 ),( 35, 15 ),( 4, 13 ),( 20, 2 ),( 26, 3 ),( 31, 37 ),( 17, 32 ),( 7, 34 ),( 0, 1 )
point : ( 35, 15 ) , order : 32
  ( 35, 15 ),( 17, 9 ),( 21, 39 ),( 15, 3 ),( 31, 37 ),( 4, 28 ),( 34, 7 ),( 5, 0 ),( 34, 34 ),( 4, 13 ),( 31, 4 ),( 15, 38 ),( 21, 2 ),( 17, 32 ),( 35, 26 ),( 0, 40 ),( 6, 26 ),( 24, 32 ),( 20, 2 ),( 26, 38 ),( 10, 4 ),( 37, 13 ),( 7, 34 ),( 36, 0 ),( 7, 7 ),( 37, 28 ),( 10, 37 ),( 26, 3 ),( 20, 39 ),( 24, 9 ),( 6, 15 ),( 0, 1 )
point : ( 35, 26 ) , order : 32
  ( 35, 26 ),( 24, 9 ),( 21, 2 ),( 26, 3 ),( 31, 4 ),( 37, 28 ),( 34, 34 ),( 36, 0 ),( 34, 7 ),( 37, 13 ),( 31, 37 ),( 26, 38 ),( 21, 39 ),( 24, 32 ),( 35, 15 ),( 0, 40 ),( 6, 15 ),( 17, 32 ),( 20, 39 ),( 15, 38 ),( 10, 37 ),( 4, 13 ),( 7, 7 ),( 5, 0 ),( 7, 34 ),( 4, 28 ),( 10, 4 ),( 15, 3 ),( 20, 2 ),( 17, 9 ),( 6, 26 ),( 0, 1 )
point : ( 36, 0 ) , order : 4
  ( 36, 0 ),( 0, 40 ),( 5, 0 ),( 0, 1 )
point : ( 37, 13 ) , order : 16
  ( 37, 13 ),( 15, 38 ),( 17, 9 ),( 36, 0 ),( 17, 32 ),( 15, 3 ),( 37, 28 ),( 0, 40 ),( 4, 28 ),( 26, 3 ),( 24, 32 ),( 5, 0 ),( 24, 9 ),( 26, 38 ),( 4, 13 ),( 0, 1 )
point : ( 37, 28 ) , order : 16
  ( 37, 28 ),( 26, 38 ),( 17, 32 ),( 5, 0 ),( 17, 9 ),( 26, 3 ),( 37, 13 ),( 0, 40 ),( 4, 13 ),( 15, 3 ),( 24, 9 ),( 36, 0 ),( 24, 32 ),( 15, 38 ),( 4, 28 ),( 0, 1 )
