平方テーブル : {1=>1,
 2=>4,
 3=>9,
 4=>16,
 5=>25,
 6=>36,
 7=>2,
 8=>17,
 9=>34,
 10=>6,
 11=>27,
 12=>3,
 13=>28,
 14=>8,
 15=>37,
 16=>21,
 17=>7,
 18=>42,
 19=>32,
 20=>24,
 21=>18,
 22=>14,
 23=>12,
 24=>12,
 25=>14,
 26=>18,
 27=>24,
 28=>32,
 29=>42,
 30=>7,
 31=>21,
 32=>37,
 33=>8,
 34=>28,
 35=>3,
 36=>27,
 37=>6,
 38=>34,
 39=>17,
 40=>2,
 41=>36,
 42=>25,
 43=>16,
 44=>9,
 45=>4,
 46=>1}
平方根テーブル : {1=>[1, 46],
 4=>[2, 45],
 9=>[3, 44],
 16=>[4, 43],
 25=>[5, 42],
 36=>[6, 41],
 2=>[7, 40],
 17=>[8, 39],
 34=>[9, 38],
 6=>[10, 37],
 27=>[11, 36],
 3=>[12, 35],
 28=>[13, 34],
 8=>[14, 33],
 37=>[15, 32],
 21=>[16, 31],
 7=>[17, 30],
 42=>[18, 29],
 32=>[19, 28],
 24=>[20, 27],
 18=>[21, 26],
 14=>[22, 25],
 12=>[23, 24]}
非平方剰余数(d候補) : [5,
 10,
 11,
 13,
 15,
 19,
 20,
 22,
 23,
 26,
 29,
 30,
 31,
 33,
 35,
 38,
 39,
 40,
 41,
 43,
 44,
 45,
 46]
逆数テーブル : {1=>1,
 2=>24,
 3=>16,
 4=>12,
 5=>19,
 6=>8,
 7=>27,
 8=>6,
 9=>21,
 10=>33,
 11=>30,
 12=>4,
 13=>29,
 14=>37,
 15=>22,
 16=>3,
 17=>36,
 18=>34,
 19=>5,
 20=>40,
 21=>9,
 22=>15,
 23=>45,
 24=>2,
 25=>32,
 26=>38,
 27=>7,
 28=>42,
 29=>13,
 30=>11,
 31=>44,
 32=>25,
 33=>10,
 34=>18,
 35=>43,
 36=>17,
 37=>14,
 38=>26,
 39=>41,
 40=>20,
 41=>39,
 42=>28,
 43=>35,
 44=>31,
 45=>23,
 46=>46}
曲線上の点 : [
 ( 0, 1 ),
 ( 0, 46 ),
 ( 1, 0 ),
 ( 6, 8 ),
 ( 6, 39 ),
 ( 7, 16 ),
 ( 7, 31 ),
 ( 8, 6 ),
 ( 8, 41 ),
 ( 10, 21 ),
 ( 10, 26 ),
 ( 11, 12 ),
 ( 11, 35 ),
 ( 12, 11 ),
 ( 12, 36 ),
 ( 16, 7 ),
 ( 16, 40 ),
 ( 17, 22 ),
 ( 17, 25 ),
 ( 21, 10 ),
 ( 21, 37 ),
 ( 22, 17 ),
 ( 22, 30 ),
 ( 25, 17 ),
 ( 25, 30 ),
 ( 26, 10 ),
 ( 26, 37 ),
 ( 30, 22 ),
 ( 30, 25 ),
 ( 31, 7 ),
 ( 31, 40 ),
 ( 35, 11 ),
 ( 35, 36 ),
 ( 36, 12 ),
 ( 36, 35 ),
 ( 37, 21 ),
 ( 37, 26 ),
 ( 39, 6 ),
 ( 39, 41 ),
 ( 40, 16 ),
 ( 40, 31 ),
 ( 41, 8 ),
 ( 41, 39 ),
 ( 46, 0 ),
]
各点をベースポイントとして加算した点 :
point : ( 0, 1 ) , order : 1
  ( 0, 1 )
point : ( 0, 46 ) , order : 2
  ( 0, 46 ),( 0, 1 )
point : ( 1, 0 ) , order : 4
  ( 1, 0 ),( 0, 46 ),( 46, 0 ),( 0, 1 )
point : ( 6, 8 ) , order : 11
  ( 6, 8 ),( 16, 40 ),( 36, 35 ),( 25, 30 ),( 10, 21 ),( 37, 21 ),( 22, 30 ),( 11, 35 ),( 31, 40 ),( 41, 8 ),( 0, 1 )
point : ( 6, 39 ) , order : 22
  ( 6, 39 ),( 31, 40 ),( 36, 12 ),( 22, 30 ),( 10, 26 ),( 10, 21 ),( 22, 17 ),( 36, 35 ),( 31, 7 ),( 6, 8 ),( 0, 46 ),( 41, 8 ),( 16, 7 ),( 11, 
35 ),( 25, 17 ),( 37, 21 ),( 37, 26 ),( 25, 30 ),( 11, 12 ),( 16, 40 ),( 41, 39 ),( 0, 1 )
point : ( 7, 16 ) , order : 44
  ( 7, 16 ),( 22, 17 ),( 21, 10 ),( 11, 35 ),( 39, 41 ),( 41, 39 ),( 35, 11 ),( 10, 21 ),( 17, 22 ),( 16, 7 ),( 1, 0 ),( 16, 40 ),( 17, 25 ),( 10, 26 ),( 35, 36 ),( 41, 8 ),( 39, 6 ),( 11, 12 ),( 21, 37 ),( 22, 30 ),( 7, 31 ),( 0, 46 ),( 40, 31 ),( 25, 30 ),( 26, 37 ),( 36, 12 ),( 8, 6 ),( 6, 8 ),( 12, 36 ),( 37, 26 ),( 30, 25 ),( 31, 40 ),( 46, 0 ),( 31, 7 ),( 30, 22 ),( 37, 21 ),( 12, 11 ),( 6, 39 ),( 8, 41 ),( 36, 35 ),( 26, 
10 ),( 25, 17 ),( 40, 16 ),( 0, 1 )
point : ( 7, 31 ) , order : 44
  ( 7, 31 ),( 25, 17 ),( 21, 37 ),( 36, 35 ),( 39, 6 ),( 6, 39 ),( 35, 36 ),( 37, 21 ),( 17, 25 ),( 31, 7 ),( 1, 0 ),( 31, 40 ),( 17, 22 ),( 37, 26 ),( 35, 11 ),( 6, 8 ),( 39, 41 ),( 36, 12 ),( 21, 10 ),( 25, 30 ),( 7, 16 ),( 0, 46 ),( 40, 16 ),( 22, 30 ),( 26, 10 ),( 11, 12 ),( 8, 41 ),( 41, 8 ),( 12, 11 ),( 10, 26 ),( 30, 22 ),( 16, 40 ),( 46, 0 ),( 16, 7 ),( 30, 25 ),( 10, 21 ),( 12, 36 ),( 41, 39 ),( 8, 6 ),( 11, 35 ),( 26, 
37 ),( 22, 17 ),( 40, 31 ),( 0, 1 )
point : ( 8, 6 ) , order : 44
  ( 8, 6 ),( 16, 7 ),( 12, 11 ),( 22, 30 ),( 21, 10 ),( 37, 26 ),( 17, 25 ),( 36, 35 ),( 40, 31 ),( 41, 39 ),( 46, 0 ),( 41, 8 ),( 40, 16 ),( 36, 12 ),( 17, 22 ),( 37, 21 ),( 21, 37 ),( 22, 17 ),( 12, 36 ),( 16, 40 ),( 8, 41 ),( 0, 46 ),( 39, 41 ),( 31, 40 ),( 35, 36 ),( 25, 17 ),( 26, 37 ),( 10, 21 ),( 30, 22 ),( 11, 12 ),( 7, 16 ),( 6, 8 ),( 1, 0 ),( 6, 39 ),( 7, 31 ),( 11, 35 ),( 30, 25 ),( 10, 26 ),( 26, 10 ),( 25, 30 ),( 35, 11 ),( 31, 7 ),( 39, 6 ),( 0, 1 )
point : ( 8, 41 ) , order : 44
  ( 8, 41 ),( 31, 7 ),( 12, 36 ),( 25, 30 ),( 21, 37 ),( 10, 26 ),( 17, 22 ),( 11, 35 ),( 40, 16 ),( 6, 39 ),( 46, 0 ),( 6, 8 ),( 40, 31 ),( 11, 12 ),( 17, 25 ),( 10, 21 ),( 21, 10 ),( 25, 17 ),( 12, 11 ),( 31, 40 ),( 8, 6 ),( 0, 46 ),( 39, 6 ),( 16, 40 ),( 35, 11 ),( 22, 17 ),( 26, 10 ),( 37, 21 ),( 30, 25 ),( 36, 12 ),( 7, 31 ),( 41, 8 ),( 1, 0 ),( 41, 39 ),( 7, 16 ),( 36, 35 ),( 30, 22 ),( 37, 26 ),( 26, 37 ),( 22, 30 ),( 35, 36 ),( 16, 7 ),( 39, 41 ),( 0, 1 )
point : ( 10, 21 ) , order : 11
  ( 10, 21 ),( 41, 8 ),( 25, 30 ),( 31, 40 ),( 36, 35 ),( 11, 35 ),( 16, 40 ),( 22, 30 ),( 6, 8 ),( 37, 21 ),( 0, 1 )
point : ( 10, 26 ) , order : 22
  ( 10, 26 ),( 6, 8 ),( 25, 17 ),( 16, 40 ),( 36, 12 ),( 36, 35 ),( 16, 7 ),( 25, 30 ),( 6, 39 ),( 10, 21 ),( 0, 46 ),( 37, 21 ),( 41, 39 ),( 22, 30 ),( 31, 7 ),( 11, 35 ),( 11, 12 ),( 31, 40 ),( 22, 17 ),( 41, 8 ),( 37, 26 ),( 0, 1 )
point : ( 11, 12 ) , order : 22
  ( 11, 12 ),( 37, 21 ),( 16, 7 ),( 6, 8 ),( 22, 17 ),( 22, 30 ),( 6, 39 ),( 16, 40 ),( 37, 26 ),( 11, 35 ),( 0, 46 ),( 36, 35 ),( 10, 26 ),( 31, 40 ),( 41, 39 ),( 25, 30 ),( 25, 17 ),( 41, 8 ),( 31, 7 ),( 10, 21 ),( 36, 12 ),( 0, 1 )
point : ( 11, 35 ) , order : 11
  ( 11, 35 ),( 10, 21 ),( 16, 40 ),( 41, 8 ),( 22, 30 ),( 25, 30 ),( 6, 8 ),( 31, 40 ),( 37, 21 ),( 36, 35 ),( 0, 1 )
point : ( 12, 11 ) , order : 44
  ( 12, 11 ),( 37, 26 ),( 40, 31 ),( 41, 8 ),( 17, 22 ),( 22, 17 ),( 8, 41 ),( 31, 40 ),( 26, 37 ),( 11, 12 ),( 1, 0 ),( 11, 35 ),( 26, 10 ),( 31, 7 ),( 8, 6 ),( 22, 30 ),( 17, 25 ),( 41, 39 ),( 40, 16 ),( 37, 21 ),( 12, 36 ),( 0, 46 ),( 35, 36 ),( 10, 21 ),( 7, 16 ),( 6, 39 ),( 30, 25 ),( 25, 30 ),( 39, 6 ),( 16, 7 ),( 21, 10 ),( 36, 35 ),( 46, 0 ),( 36, 12 ),( 21, 37 ),( 16, 40 ),( 39, 41 ),( 25, 17 ),( 30, 22 ),( 6, 8 ),( 7, 
31 ),( 10, 26 ),( 35, 11 ),( 0, 1 )
point : ( 12, 36 ) , order : 44
  ( 12, 36 ),( 10, 26 ),( 40, 16 ),( 6, 8 ),( 17, 25 ),( 25, 17 ),( 8, 6 ),( 16, 40 ),( 26, 10 ),( 36, 12 ),( 1, 0 ),( 36, 35 ),( 26, 37 ),( 16, 7 ),( 8, 41 ),( 25, 30 ),( 17, 22 ),( 6, 39 ),( 40, 31 ),( 10, 21 ),( 12, 11 ),( 0, 46 ),( 35, 11 ),( 37, 21 ),( 7, 31 ),( 41, 39 ),( 30, 22 ),( 22, 30 ),( 39, 41 ),( 31, 7 ),( 21, 37 ),( 11, 35 ),( 46, 0 ),( 11, 12 ),( 21, 10 ),( 31, 40 ),( 39, 6 ),( 22, 17 ),( 30, 25 ),( 41, 8 ),( 7, 
16 ),( 37, 26 ),( 35, 36 ),( 0, 1 )
point : ( 16, 7 ) , order : 22
  ( 16, 7 ),( 22, 30 ),( 37, 26 ),( 36, 35 ),( 41, 39 ),( 41, 8 ),( 36, 12 ),( 37, 21 ),( 22, 17 ),( 16, 40 ),( 0, 46 ),( 31, 40 ),( 25, 17 ),( 
10, 21 ),( 11, 12 ),( 6, 8 ),( 6, 39 ),( 11, 35 ),( 10, 26 ),( 25, 30 ),( 31, 7 ),( 0, 1 )
point : ( 16, 40 ) , order : 11
  ( 16, 40 ),( 25, 30 ),( 37, 21 ),( 11, 35 ),( 41, 8 ),( 6, 8 ),( 36, 35 ),( 10, 21 ),( 22, 30 ),( 31, 40 ),( 0, 1 )
point : ( 17, 22 ) , order : 44
  ( 17, 22 ),( 11, 12 ),( 8, 6 ),( 37, 21 ),( 7, 16 ),( 16, 7 ),( 21, 37 ),( 6, 8 ),( 12, 11 ),( 22, 17 ),( 1, 0 ),( 22, 30 ),( 12, 36 ),( 6, 39 ),( 21, 10 ),( 16, 40 ),( 7, 31 ),( 37, 26 ),( 8, 41 ),( 11, 35 ),( 17, 25 ),( 0, 46 ),( 30, 25 ),( 36, 35 ),( 39, 41 ),( 10, 26 ),( 40, 31 ),( 31, 40 ),( 26, 10 ),( 41, 39 ),( 35, 36 ),( 25, 30 ),( 46, 0 ),( 25, 17 ),( 35, 11 ),( 41, 8 ),( 26, 37 ),( 31, 7 ),( 40, 16 ),( 10, 21 ),( 39, 6 ),( 36, 12 ),( 30, 22 ),( 0, 1 )
point : ( 17, 25 ) , order : 44
  ( 17, 25 ),( 36, 12 ),( 8, 41 ),( 10, 21 ),( 7, 31 ),( 31, 7 ),( 21, 10 ),( 41, 8 ),( 12, 36 ),( 25, 17 ),( 1, 0 ),( 25, 30 ),( 12, 11 ),( 41, 39 ),( 21, 37 ),( 31, 40 ),( 7, 16 ),( 10, 26 ),( 8, 6 ),( 36, 35 ),( 17, 22 ),( 0, 46 ),( 30, 22 ),( 11, 35 ),( 39, 6 ),( 37, 26 ),( 40, 16 ),( 16, 40 ),( 26, 37 ),( 6, 39 ),( 35, 11 ),( 22, 30 ),( 46, 0 ),( 22, 17 ),( 35, 36 ),( 6, 8 ),( 26, 10 ),( 16, 7 ),( 40, 31 ),( 37, 21 ),( 39, 
41 ),( 11, 12 ),( 30, 25 ),( 0, 1 )
point : ( 21, 10 ) , order : 44
  ( 21, 10 ),( 41, 39 ),( 17, 22 ),( 16, 40 ),( 35, 36 ),( 11, 12 ),( 7, 31 ),( 25, 30 ),( 8, 6 ),( 37, 26 ),( 46, 0 ),( 37, 21 ),( 8, 41 ),( 25, 17 ),( 7, 16 ),( 11, 35 ),( 35, 11 ),( 16, 7 ),( 17, 25 ),( 41, 8 ),( 21, 37 ),( 0, 46 ),( 26, 37 ),( 6, 8 ),( 30, 25 ),( 31, 7 ),( 12, 11 ),( 36, 35 ),( 40, 16 ),( 22, 17 ),( 39, 41 ),( 10, 21 ),( 1, 0 ),( 10, 26 ),( 39, 6 ),( 22, 30 ),( 40, 31 ),( 36, 12 ),( 12, 36 ),( 31, 40 ),( 30, 22 ),( 6, 39 ),( 26, 10 ),( 0, 1 )
point : ( 21, 37 ) , order : 44
  ( 21, 37 ),( 6, 39 ),( 17, 25 ),( 31, 40 ),( 35, 11 ),( 36, 12 ),( 7, 16 ),( 22, 30 ),( 8, 41 ),( 10, 26 ),( 46, 0 ),( 10, 21 ),( 8, 6 ),( 22, 17 ),( 7, 31 ),( 36, 35 ),( 35, 36 ),( 31, 7 ),( 17, 22 ),( 6, 8 ),( 21, 10 ),( 0, 46 ),( 26, 10 ),( 41, 8 ),( 30, 22 ),( 16, 7 ),( 12, 36 ),( 
11, 35 ),( 40, 31 ),( 25, 17 ),( 39, 6 ),( 37, 21 ),( 1, 0 ),( 37, 26 ),( 39, 41 ),( 25, 30 ),( 40, 16 ),( 11, 12 ),( 12, 11 ),( 16, 40 ),( 30, 
25 ),( 41, 39 ),( 26, 37 ),( 0, 1 )
point : ( 22, 17 ) , order : 22
  ( 22, 17 ),( 11, 35 ),( 41, 39 ),( 10, 21 ),( 16, 7 ),( 16, 40 ),( 10, 26 ),( 41, 8 ),( 11, 12 ),( 22, 30 ),( 0, 46 ),( 25, 30 ),( 36, 12 ),( 
6, 8 ),( 37, 26 ),( 31, 40 ),( 31, 7 ),( 37, 21 ),( 6, 39 ),( 36, 35 ),( 25, 17 ),( 0, 1 )
point : ( 22, 30 ) , order : 11
  ( 22, 30 ),( 36, 35 ),( 41, 8 ),( 37, 21 ),( 16, 40 ),( 31, 40 ),( 10, 21 ),( 6, 8 ),( 11, 35 ),( 25, 30 ),( 0, 1 )
point : ( 25, 17 ) , order : 22
  ( 25, 17 ),( 36, 35 ),( 6, 39 ),( 37, 21 ),( 31, 7 ),( 31, 40 ),( 37, 26 ),( 6, 8 ),( 36, 12 ),( 25, 30 ),( 0, 46 ),( 22, 30 ),( 11, 12 ),( 41, 8 ),( 10, 26 ),( 16, 40 ),( 16, 7 ),( 10, 21 ),( 41, 39 ),( 11, 35 ),( 22, 17 ),( 0, 1 )
point : ( 25, 30 ) , order : 11
  ( 25, 30 ),( 11, 35 ),( 6, 8 ),( 10, 21 ),( 31, 40 ),( 16, 40 ),( 37, 21 ),( 41, 8 ),( 36, 35 ),( 22, 30 ),( 0, 1 )
point : ( 26, 10 ) , order : 44
  ( 26, 10 ),( 6, 39 ),( 30, 22 ),( 31, 40 ),( 12, 36 ),( 36, 12 ),( 40, 31 ),( 22, 30 ),( 39, 6 ),( 10, 26 ),( 1, 0 ),( 10, 21 ),( 39, 41 ),( 22, 17 ),( 40, 16 ),( 36, 35 ),( 12, 11 ),( 31, 7 ),( 30, 25 ),( 6, 8 ),( 26, 37 ),( 0, 46 ),( 21, 37 ),( 41, 8 ),( 17, 25 ),( 16, 7 ),( 35, 11 ),( 11, 35 ),( 7, 16 ),( 25, 17 ),( 8, 41 ),( 37, 21 ),( 46, 0 ),( 37, 26 ),( 8, 6 ),( 25, 30 ),( 7, 31 ),( 11, 12 ),( 35, 36 ),( 16, 40 ),( 17, 
22 ),( 41, 39 ),( 21, 10 ),( 0, 1 )
point : ( 26, 37 ) , order : 44
  ( 26, 37 ),( 41, 39 ),( 30, 25 ),( 16, 40 ),( 12, 11 ),( 11, 12 ),( 40, 16 ),( 25, 30 ),( 39, 41 ),( 37, 26 ),( 1, 0 ),( 37, 21 ),( 39, 6 ),( 
25, 17 ),( 40, 31 ),( 11, 35 ),( 12, 36 ),( 16, 7 ),( 30, 22 ),( 41, 8 ),( 26, 10 ),( 0, 46 ),( 21, 10 ),( 6, 8 ),( 17, 22 ),( 31, 7 ),( 35, 36 
),( 36, 35 ),( 7, 31 ),( 22, 17 ),( 8, 6 ),( 10, 21 ),( 46, 0 ),( 10, 26 ),( 8, 41 ),( 22, 30 ),( 7, 16 ),( 36, 12 ),( 35, 11 ),( 31, 40 ),( 17, 25 ),( 6, 39 ),( 21, 37 ),( 0, 1 )
point : ( 30, 22 ) , order : 44
  ( 30, 22 ),( 36, 12 ),( 39, 6 ),( 10, 21 ),( 40, 16 ),( 31, 7 ),( 26, 37 ),( 41, 8 ),( 35, 11 ),( 25, 17 ),( 46, 0 ),( 25, 30 ),( 35, 36 ),( 41, 39 ),( 26, 10 ),( 31, 40 ),( 40, 31 ),( 10, 26 ),( 39, 41 ),( 36, 35 ),( 30, 25 ),( 0, 46 ),( 17, 25 ),( 11, 35 ),( 8, 41 ),( 37, 26 ),( 7, 31 ),( 16, 40 ),( 21, 10 ),( 6, 39 ),( 12, 36 ),( 22, 30 ),( 1, 0 ),( 22, 17 ),( 12, 11 ),( 6, 8 ),( 21, 37 ),( 16, 7 ),( 7, 16 ),( 37, 21 ),( 8, 6 ),( 11, 12 ),( 17, 22 ),( 0, 1 )
point : ( 30, 25 ) , order : 44
  ( 30, 25 ),( 11, 12 ),( 39, 41 ),( 37, 21 ),( 40, 31 ),( 16, 7 ),( 26, 10 ),( 6, 8 ),( 35, 36 ),( 22, 17 ),( 46, 0 ),( 22, 30 ),( 35, 11 ),( 6, 39 ),( 26, 37 ),( 16, 40 ),( 40, 16 ),( 37, 26 ),( 39, 6 ),( 11, 35 ),( 30, 22 ),( 0, 46 ),( 17, 22 ),( 36, 35 ),( 8, 6 ),( 10, 26 ),( 7, 16 ),( 31, 40 ),( 21, 37 ),( 41, 39 ),( 12, 11 ),( 25, 30 ),( 1, 0 ),( 25, 17 ),( 12, 36 ),( 41, 8 ),( 21, 10 ),( 31, 7 ),( 7, 31 ),( 10, 21 ),( 8, 
41 ),( 36, 12 ),( 17, 25 ),( 0, 1 )
point : ( 31, 7 ) , order : 22
  ( 31, 7 ),( 25, 30 ),( 10, 26 ),( 11, 35 ),( 6, 39 ),( 6, 8 ),( 11, 12 ),( 10, 21 ),( 25, 17 ),( 31, 40 ),( 0, 46 ),( 16, 40 ),( 22, 17 ),( 37, 21 ),( 36, 12 ),( 41, 8 ),( 41, 39 ),( 36, 35 ),( 37, 26 ),( 22, 30 ),( 16, 7 ),( 0, 1 )
point : ( 31, 40 ) , order : 11
  ( 31, 40 ),( 22, 30 ),( 10, 21 ),( 36, 35 ),( 6, 8 ),( 41, 8 ),( 11, 35 ),( 37, 21 ),( 25, 30 ),( 16, 40 ),( 0, 1 )
point : ( 35, 11 ) , order : 44
  ( 35, 11 ),( 10, 26 ),( 7, 31 ),( 6, 8 ),( 30, 22 ),( 25, 17 ),( 39, 41 ),( 16, 40 ),( 21, 37 ),( 36, 12 ),( 46, 0 ),( 36, 35 ),( 21, 10 ),( 16, 7 ),( 39, 6 ),( 25, 30 ),( 30, 25 ),( 6, 39 ),( 7, 16 ),( 10, 21 ),( 35, 36 ),( 0, 46 ),( 12, 36 ),( 37, 21 ),( 40, 16 ),( 41, 39 ),( 17, 25 
),( 22, 30 ),( 8, 6 ),( 31, 7 ),( 26, 10 ),( 11, 35 ),( 1, 0 ),( 11, 12 ),( 26, 37 ),( 31, 40 ),( 8, 41 ),( 22, 17 ),( 17, 22 ),( 41, 8 ),( 40, 
31 ),( 37, 26 ),( 12, 11 ),( 0, 1 )
point : ( 35, 36 ) , order : 44
  ( 35, 36 ),( 37, 26 ),( 7, 16 ),( 41, 8 ),( 30, 25 ),( 22, 17 ),( 39, 6 ),( 31, 40 ),( 21, 10 ),( 11, 12 ),( 46, 0 ),( 11, 35 ),( 21, 37 ),( 31, 7 ),( 39, 41 ),( 22, 30 ),( 30, 22 ),( 41, 39 ),( 7, 31 ),( 37, 21 ),( 35, 11 ),( 0, 46 ),( 12, 11 ),( 10, 21 ),( 40, 31 ),( 6, 39 ),( 17, 22 ),( 25, 30 ),( 8, 41 ),( 16, 7 ),( 26, 37 ),( 36, 35 ),( 1, 0 ),( 36, 12 ),( 26, 10 ),( 16, 40 ),( 8, 6 ),( 25, 17 ),( 17, 25 ),( 6, 8 ),( 40, 
16 ),( 10, 26 ),( 12, 36 ),( 0, 1 )
point : ( 36, 12 ) , order : 22
  ( 36, 12 ),( 10, 21 ),( 31, 7 ),( 41, 8 ),( 25, 17 ),( 25, 30 ),( 41, 39 ),( 31, 40 ),( 10, 26 ),( 36, 35 ),( 0, 46 ),( 11, 35 ),( 37, 26 ),( 
16, 40 ),( 6, 39 ),( 22, 30 ),( 22, 17 ),( 6, 8 ),( 16, 7 ),( 37, 21 ),( 11, 12 ),( 0, 1 )
point : ( 36, 35 ) , order : 11
  ( 36, 35 ),( 37, 21 ),( 31, 40 ),( 6, 8 ),( 25, 30 ),( 22, 30 ),( 41, 8 ),( 16, 40 ),( 10, 21 ),( 11, 35 ),( 0, 1 )
point : ( 37, 21 ) , order : 11
  ( 37, 21 ),( 6, 8 ),( 22, 30 ),( 16, 40 ),( 11, 35 ),( 36, 35 ),( 31, 40 ),( 25, 30 ),( 41, 8 ),( 10, 21 ),( 0, 1 )
point : ( 37, 26 ) , order : 22
  ( 37, 26 ),( 41, 8 ),( 22, 17 ),( 31, 40 ),( 11, 12 ),( 11, 35 ),( 31, 7 ),( 22, 30 ),( 41, 39 ),( 37, 21 ),( 0, 46 ),( 10, 21 ),( 6, 39 ),( 25, 30 ),( 16, 7 ),( 36, 35 ),( 36, 12 ),( 16, 40 ),( 25, 17 ),( 6, 8 ),( 10, 26 ),( 0, 1 )
point : ( 39, 6 ) , order : 44
  ( 39, 6 ),( 31, 7 ),( 35, 11 ),( 25, 30 ),( 26, 10 ),( 10, 26 ),( 30, 25 ),( 11, 35 ),( 7, 31 ),( 6, 39 ),( 1, 0 ),( 6, 8 ),( 7, 16 ),( 11, 12 ),( 30, 22 ),( 10, 21 ),( 26, 37 ),( 25, 17 ),( 35, 36 ),( 31, 40 ),( 39, 41 ),( 0, 46 ),( 8, 41 ),( 16, 40 ),( 12, 36 ),( 22, 17 ),( 21, 37 ),( 37, 21 ),( 17, 22 ),( 36, 12 ),( 40, 16 ),( 41, 8 ),( 46, 0 ),( 41, 39 ),( 40, 31 ),( 36, 35 ),( 17, 25 ),( 37, 26 ),( 21, 10 ),( 22, 30 ),( 12, 11 ),( 16, 7 ),( 8, 6 ),( 0, 1 )
point : ( 39, 41 ) , order : 44
  ( 39, 41 ),( 16, 7 ),( 35, 36 ),( 22, 30 ),( 26, 37 ),( 37, 26 ),( 30, 22 ),( 36, 35 ),( 7, 16 ),( 41, 39 ),( 1, 0 ),( 41, 8 ),( 7, 31 ),( 36, 12 ),( 30, 25 ),( 37, 21 ),( 26, 10 ),( 22, 17 ),( 35, 11 ),( 16, 40 ),( 39, 6 ),( 0, 46 ),( 8, 6 ),( 31, 40 ),( 12, 11 ),( 25, 17 ),( 21, 10 ),( 10, 21 ),( 17, 25 ),( 11, 12 ),( 40, 31 ),( 6, 8 ),( 46, 0 ),( 6, 39 ),( 40, 16 ),( 11, 35 ),( 17, 22 ),( 10, 26 ),( 21, 37 ),( 25, 30 ),( 12, 36 ),( 31, 7 ),( 8, 41 ),( 0, 1 )
point : ( 40, 16 ) , order : 44
  ( 40, 16 ),( 25, 17 ),( 26, 10 ),( 36, 35 ),( 8, 41 ),( 6, 39 ),( 12, 11 ),( 37, 21 ),( 30, 22 ),( 31, 7 ),( 46, 0 ),( 31, 40 ),( 30, 25 ),( 37, 26 ),( 12, 36 ),( 6, 8 ),( 8, 6 ),( 36, 12 ),( 26, 37 ),( 25, 30 ),( 40, 31 ),( 0, 46 ),( 7, 31 ),( 22, 30 ),( 21, 37 ),( 11, 12 ),( 39, 6 ),( 41, 8 ),( 35, 36 ),( 10, 26 ),( 17, 25 ),( 16, 40 ),( 1, 0 ),( 16, 7 ),( 17, 22 ),( 10, 21 ),( 35, 11 ),( 41, 39 ),( 39, 41 ),( 11, 35 ),( 21, 10 ),( 22, 17 ),( 7, 16 ),( 0, 1 )
point : ( 40, 31 ) , order : 44
  ( 40, 31 ),( 22, 17 ),( 26, 37 ),( 11, 35 ),( 8, 6 ),( 41, 39 ),( 12, 36 ),( 10, 21 ),( 30, 25 ),( 16, 7 ),( 46, 0 ),( 16, 40 ),( 30, 22 ),( 10, 26 ),( 12, 11 ),( 41, 8 ),( 8, 41 ),( 11, 12 ),( 26, 10 ),( 22, 30 ),( 40, 16 ),( 0, 46 ),( 7, 16 ),( 25, 30 ),( 21, 10 ),( 36, 12 ),( 39, 41 ),( 6, 8 ),( 35, 11 ),( 37, 26 ),( 17, 22 ),( 31, 40 ),( 1, 0 ),( 31, 7 ),( 17, 25 ),( 37, 21 ),( 35, 36 ),( 6, 39 ),( 39, 6 ),( 36, 35 ),( 21, 37 ),( 25, 17 ),( 7, 31 ),( 0, 1 )
point : ( 41, 8 ) , order : 11
  ( 41, 8 ),( 31, 40 ),( 11, 35 ),( 22, 30 ),( 37, 21 ),( 10, 21 ),( 25, 30 ),( 36, 35 ),( 16, 40 ),( 6, 8 ),( 0, 1 )
point : ( 41, 39 ) , order : 22
  ( 41, 39 ),( 16, 40 ),( 11, 12 ),( 25, 30 ),( 37, 26 ),( 37, 21 ),( 25, 17 ),( 11, 35 ),( 16, 7 ),( 41, 8 ),( 0, 46 ),( 6, 8 ),( 31, 7 ),( 36, 35 ),( 22, 17 ),( 10, 21 ),( 10, 26 ),( 22, 30 ),( 36, 12 ),( 31, 40 ),( 6, 39 ),( 0, 1 )
point : ( 46, 0 ) , order : 4
  ( 46, 0 ),( 0, 46 ),( 1, 0 ),( 0, 1 )


平方テーブル : {1=>1,
 2=>4,
 3=>9,
 4=>16,
 5=>25,
 6=>36,
 7=>6,
 8=>21,
 9=>38,
 10=>14,
 11=>35,
 12=>15,
 13=>40,
 14=>24,
 15=>10,
 16=>41,
 17=>31,
 18=>23,
 19=>17,
 20=>13,
 21=>11,
 22=>11,
 23=>13,
 24=>17,
 25=>23,
 26=>31,
 27=>41,
 28=>10,
 29=>24,
 30=>40,
 31=>15,
 32=>35,
 33=>14,
 34=>38,
 35=>21,
 36=>6,
 37=>36,
 38=>25,
 39=>16,
 40=>9,
 41=>4,
 42=>1}
平方根テーブル : {1=>[1, 42],
 4=>[2, 41],
 9=>[3, 40],
 16=>[4, 39],
 25=>[5, 38],
 36=>[6, 37],
 6=>[7, 36],
 21=>[8, 35],
 38=>[9, 34],
 14=>[10, 33],
 35=>[11, 32],
 15=>[12, 31],
 40=>[13, 30],
 24=>[14, 29],
 10=>[15, 28],
 41=>[16, 27],
 31=>[17, 26],
 23=>[18, 25],
 17=>[19, 24],
 13=>[20, 23],
 11=>[21, 22]}
非平方剰余数(d候補) : [2, 3, 5, 7, 8, 12, 18, 19, 20, 22, 26, 27, 28, 29, 30, 32, 33, 34, 37, 39, 42]
逆数テーブル : {1=>1,
 2=>22,
 3=>29,
 4=>11,
 5=>26,
 6=>36,
 7=>37,
 8=>27,
 9=>24,
 10=>13,
 11=>4,
 12=>18,
 13=>10,
 14=>40,
 15=>23,
 16=>35,
 17=>38,
 18=>12,
 19=>34,
 20=>28,
 21=>41,
 22=>2,
 23=>15,
 24=>9,
 25=>31,
 26=>5,
 27=>8,
 28=>20,
 29=>3,
 30=>33,
 31=>25,
 32=>39,
 33=>30,
 34=>19,
 35=>16,
 36=>6,
 37=>7,
 38=>17,
 39=>32,
 40=>14,
 41=>21,
 42=>42}
曲線上の点 : [
 ( 0, 1 ),
 ( 0, 42 ),
 ( 1, 0 ),
 ( 2, 5 ),
 ( 2, 38 ),
 ( 4, 17 ),
 ( 4, 26 ),
 ( 5, 2 ),
 ( 5, 41 ),
 ( 9, 14 ),
 ( 9, 29 ),
 ( 11, 16 ),
 ( 11, 27 ),
 ( 14, 9 ),
 ( 14, 34 ),
 ( 16, 11 ),
 ( 16, 32 ),
 ( 17, 4 ),
 ( 17, 39 ),
 ( 18, 21 ),
 ( 18, 22 ),
 ( 21, 18 ),
 ( 21, 25 ),
 ( 22, 18 ),
 ( 22, 25 ),
 ( 25, 21 ),
 ( 25, 22 ),
 ( 26, 4 ),
 ( 26, 39 ),
 ( 27, 11 ),
 ( 27, 32 ),
 ( 29, 9 ),
 ( 29, 34 ),
 ( 32, 16 ),
 ( 32, 27 ),
 ( 34, 14 ),
 ( 34, 29 ),
 ( 38, 2 ),
 ( 38, 41 ),
 ( 39, 17 ),
 ( 39, 26 ),
 ( 41, 5 ),
 ( 41, 38 ),
 ( 42, 0 ),
]
各点をベースポイントとして加算した点 :
point : ( 0, 1 ) , order : 1
  ( 0, 1 )
point : ( 0, 42 ) , order : 2
  ( 0, 42 ),( 0, 1 )
point : ( 1, 0 ) , order : 4
  ( 1, 0 ),( 0, 42 ),( 42, 0 ),( 0, 1 )
point : ( 2, 5 ) , order : 22
  ( 2, 5 ),( 17, 4 ),( 11, 27 ),( 34, 29 ),( 18, 21 ),( 18, 22 ),( 34, 14 ),( 11, 16 ),( 17, 39 ),( 2, 38 ),( 0, 42 ),( 41, 38 ),( 26, 39 ),( 32, 16 ),( 9, 14 ),( 25, 22 ),( 25, 21 ),( 9, 29 ),( 32, 27 ),( 26, 4 ),( 41, 5 ),( 0, 1 )
point : ( 2, 38 ) , order : 11
  ( 2, 38 ),( 26, 4 ),( 11, 16 ),( 9, 29 ),( 18, 22 ),( 25, 22 ),( 34, 29 ),( 32, 16 ),( 17, 4 ),( 41, 38 ),( 0, 1 )
point : ( 4, 17 ) , order : 44
  ( 4, 17 ),( 34, 14 ),( 21, 25 ),( 32, 16 ),( 38, 2 ),( 41, 5 ),( 27, 11 ),( 18, 22 ),( 29, 9 ),( 26, 39 ),( 42, 0 ),( 26, 4 ),( 29, 34 ),( 18, 21 ),( 27, 32 ),( 41, 38 ),( 38, 41 ),( 32, 27 ),( 21, 18 ),( 34, 29 ),( 4, 26 ),( 0, 42 ),( 39, 26 ),( 9, 29 ),( 22, 18 ),( 11, 27 ),( 5, 41 ),( 2, 38 ),( 16, 32 ),( 25, 21 ),( 14, 34 ),( 17, 4 ),( 1, 0 ),( 17, 39 ),( 14, 9 ),( 25, 22 ),( 16, 11 ),( 2, 5 ),( 5, 2 ),( 11, 16 ),( 22, 25 
),( 9, 14 ),( 39, 17 ),( 0, 1 )
point : ( 4, 26 ) , order : 44
  ( 4, 26 ),( 9, 14 ),( 21, 18 ),( 11, 16 ),( 38, 41 ),( 2, 5 ),( 27, 32 ),( 25, 22 ),( 29, 34 ),( 17, 39 ),( 42, 0 ),( 17, 4 ),( 29, 9 ),( 25, 
21 ),( 27, 11 ),( 2, 38 ),( 38, 2 ),( 11, 27 ),( 21, 25 ),( 9, 29 ),( 4, 17 ),( 0, 42 ),( 39, 17 ),( 34, 29 ),( 22, 25 ),( 32, 27 ),( 5, 2 ),( 41, 38 ),( 16, 11 ),( 18, 21 ),( 14, 9 ),( 26, 4 ),( 1, 0 ),( 26, 39 ),( 14, 34 ),( 18, 22 ),( 16, 32 ),( 41, 5 ),( 5, 41 ),( 32, 16 ),( 22, 18 ),( 34, 14 ),( 39, 26 ),( 0, 1 )
point : ( 5, 2 ) , order : 44
  ( 5, 2 ),( 17, 39 ),( 16, 32 ),( 9, 29 ),( 21, 18 ),( 18, 21 ),( 29, 9 ),( 32, 16 ),( 39, 17 ),( 2, 5 ),( 1, 0 ),( 2, 38 ),( 39, 26 ),( 32, 27 ),( 29, 34 ),( 18, 22 ),( 21, 25 ),( 9, 14 ),( 16, 11 ),( 17, 4 ),( 5, 41 ),( 0, 42 ),( 38, 41 ),( 26, 4 ),( 27, 11 ),( 34, 14 ),( 22, 25 ),( 25, 22 ),( 14, 34 ),( 11, 27 ),( 4, 26 ),( 41, 38 ),( 42, 0 ),( 41, 5 ),( 4, 17 ),( 11, 16 ),( 14, 9 ),( 25, 21 ),( 22, 18 ),( 34, 29 ),( 27, 32 
),( 26, 39 ),( 38, 2 ),( 0, 1 )
point : ( 5, 41 ) , order : 44
  ( 5, 41 ),( 26, 39 ),( 16, 11 ),( 34, 29 ),( 21, 25 ),( 25, 21 ),( 29, 34 ),( 11, 16 ),( 39, 26 ),( 41, 5 ),( 1, 0 ),( 41, 38 ),( 39, 17 ),( 11, 27 ),( 29, 9 ),( 25, 22 ),( 21, 18 ),( 34, 14 ),( 16, 32 ),( 26, 4 ),( 5, 2 ),( 0, 42 ),( 38, 2 ),( 17, 4 ),( 27, 32 ),( 9, 14 ),( 22, 18 ),( 18, 22 ),( 14, 9 ),( 32, 27 ),( 4, 17 ),( 2, 38 ),( 42, 0 ),( 2, 5 ),( 4, 26 ),( 32, 16 ),( 14, 34 ),( 18, 21 ),( 22, 25 ),( 9, 29 ),( 27, 11 ),( 17, 39 ),( 38, 41 ),( 0, 1 )
point : ( 9, 14 ) , order : 22
  ( 9, 14 ),( 11, 16 ),( 2, 5 ),( 25, 22 ),( 17, 39 ),( 17, 4 ),( 25, 21 ),( 2, 38 ),( 11, 27 ),( 9, 29 ),( 0, 42 ),( 34, 29 ),( 32, 27 ),( 41, 
38 ),( 18, 21 ),( 26, 4 ),( 26, 39 ),( 18, 22 ),( 41, 5 ),( 32, 16 ),( 34, 14 ),( 0, 1 )
point : ( 9, 29 ) , order : 11
  ( 9, 29 ),( 32, 16 ),( 2, 38 ),( 18, 22 ),( 17, 4 ),( 26, 4 ),( 25, 22 ),( 41, 38 ),( 11, 16 ),( 34, 29 ),( 0, 1 )
point : ( 11, 16 ) , order : 11
  ( 11, 16 ),( 25, 22 ),( 17, 4 ),( 2, 38 ),( 9, 29 ),( 34, 29 ),( 41, 38 ),( 26, 4 ),( 18, 22 ),( 32, 16 ),( 0, 1 )
point : ( 11, 27 ) , order : 22
  ( 11, 27 ),( 18, 22 ),( 17, 39 ),( 41, 38 ),( 9, 14 ),( 9, 29 ),( 41, 5 ),( 17, 4 ),( 18, 21 ),( 11, 16 ),( 0, 42 ),( 32, 16 ),( 25, 21 ),( 26, 4 ),( 2, 5 ),( 34, 29 ),( 34, 14 ),( 2, 38 ),( 26, 39 ),( 25, 22 ),( 32, 27 ),( 0, 1 )
point : ( 14, 9 ) , order : 44
  ( 14, 9 ),( 11, 27 ),( 38, 41 ),( 18, 22 ),( 39, 17 ),( 17, 39 ),( 22, 18 ),( 41, 38 ),( 27, 11 ),( 9, 14 ),( 1, 0 ),( 9, 29 ),( 27, 32 ),( 41, 5 ),( 22, 25 ),( 17, 4 ),( 39, 26 ),( 18, 21 ),( 38, 2 ),( 11, 16 ),( 14, 34 ),( 0, 42 ),( 29, 34 ),( 32, 16 ),( 5, 2 ),( 25, 21 ),( 4, 26 ),( 26, 4 ),( 21, 25 ),( 2, 5 ),( 16, 32 ),( 34, 29 ),( 42, 0 ),( 34, 14 ),( 16, 11 ),( 2, 38 ),( 21, 18 ),( 26, 39 ),( 4, 17 ),( 25, 22 ),( 5, 41 
),( 32, 27 ),( 29, 9 ),( 0, 1 )
point : ( 14, 34 ) , order : 44
  ( 14, 34 ),( 32, 27 ),( 38, 2 ),( 25, 22 ),( 39, 26 ),( 26, 39 ),( 22, 25 ),( 2, 38 ),( 27, 32 ),( 34, 14 ),( 1, 0 ),( 34, 29 ),( 27, 11 ),( 2, 5 ),( 22, 18 ),( 26, 4 ),( 39, 17 ),( 25, 21 ),( 38, 41 ),( 32, 16 ),( 14, 9 ),( 0, 42 ),( 29, 9 ),( 11, 16 ),( 5, 41 ),( 18, 21 ),( 4, 17 ),( 17, 4 ),( 21, 18 ),( 41, 5 ),( 16, 11 ),( 9, 29 ),( 42, 0 ),( 9, 14 ),( 16, 32 ),( 41, 38 ),( 21, 25 ),( 17, 39 ),( 4, 26 ),( 18, 22 ),( 5, 2 ),( 11, 27 ),( 29, 34 ),( 0, 1 )
point : ( 16, 11 ) , order : 44
  ( 16, 11 ),( 25, 21 ),( 39, 26 ),( 41, 38 ),( 29, 9 ),( 34, 14 ),( 5, 2 ),( 17, 4 ),( 22, 18 ),( 32, 27 ),( 42, 0 ),( 32, 16 ),( 22, 25 ),( 17, 39 ),( 5, 41 ),( 34, 29 ),( 29, 34 ),( 41, 5 ),( 39, 17 ),( 25, 22 ),( 16, 32 ),( 0, 42 ),( 27, 32 ),( 18, 22 ),( 4, 17 ),( 2, 5 ),( 14, 34 ),( 9, 29 ),( 38, 41 ),( 26, 39 ),( 21, 25 ),( 11, 16 ),( 1, 0 ),( 11, 27 ),( 21, 18 ),( 26, 4 ),( 38, 2 ),( 9, 14 ),( 14, 9 ),( 2, 38 ),( 4, 26 ),( 18, 21 ),( 27, 11 ),( 0, 1 )
point : ( 16, 32 ) , order : 44
  ( 16, 32 ),( 18, 21 ),( 39, 17 ),( 2, 38 ),( 29, 34 ),( 9, 14 ),( 5, 41 ),( 26, 4 ),( 22, 25 ),( 11, 27 ),( 42, 0 ),( 11, 16 ),( 22, 18 ),( 26, 39 ),( 5, 2 ),( 9, 29 ),( 29, 9 ),( 2, 5 ),( 39, 26 ),( 18, 22 ),( 16, 11 ),( 0, 42 ),( 27, 11 ),( 25, 22 ),( 4, 26 ),( 41, 5 ),( 14, 9 ),( 34, 29 ),( 38, 2 ),( 17, 39 ),( 21, 18 ),( 32, 16 ),( 1, 0 ),( 32, 27 ),( 21, 25 ),( 17, 4 ),( 38, 41 ),( 34, 14 ),( 14, 34 ),( 41, 38 ),( 4, 17 ),( 25, 21 ),( 27, 32 ),( 0, 1 )
point : ( 17, 4 ) , order : 11
  ( 17, 4 ),( 34, 29 ),( 18, 22 ),( 11, 16 ),( 2, 38 ),( 41, 38 ),( 32, 16 ),( 25, 22 ),( 9, 29 ),( 26, 4 ),( 0, 1 )
point : ( 17, 39 ) , order : 22
  ( 17, 39 ),( 9, 29 ),( 18, 21 ),( 32, 16 ),( 2, 5 ),( 2, 38 ),( 32, 27 ),( 18, 22 ),( 9, 14 ),( 17, 4 ),( 0, 42 ),( 26, 4 ),( 34, 14 ),( 25, 22 ),( 11, 27 ),( 41, 38 ),( 41, 5 ),( 11, 16 ),( 25, 21 ),( 34, 29 ),( 26, 39 ),( 0, 1 )
point : ( 18, 21 ) , order : 22
  ( 18, 21 ),( 2, 38 ),( 9, 14 ),( 26, 4 ),( 11, 27 ),( 11, 16 ),( 26, 39 ),( 9, 29 ),( 2, 5 ),( 18, 22 ),( 0, 42 ),( 25, 22 ),( 41, 5 ),( 34, 29 ),( 17, 39 ),( 32, 16 ),( 32, 27 ),( 17, 4 ),( 34, 14 ),( 41, 38 ),( 25, 21 ),( 0, 1 )
point : ( 18, 22 ) , order : 11
  ( 18, 22 ),( 41, 38 ),( 9, 29 ),( 17, 4 ),( 11, 16 ),( 32, 16 ),( 26, 4 ),( 34, 29 ),( 2, 38 ),( 25, 22 ),( 0, 1 )
point : ( 21, 18 ) , order : 44
  ( 21, 18 ),( 2, 5 ),( 29, 34 ),( 17, 4 ),( 27, 11 ),( 11, 27 ),( 4, 17 ),( 34, 29 ),( 5, 2 ),( 18, 21 ),( 1, 0 ),( 18, 22 ),( 5, 41 ),( 34, 14 ),( 4, 26 ),( 11, 16 ),( 27, 32 ),( 17, 39 ),( 29, 9 ),( 2, 38 ),( 21, 25 ),( 0, 42 ),( 22, 25 ),( 41, 38 ),( 14, 9 ),( 26, 39 ),( 16, 32 ),( 32, 16 ),( 39, 26 ),( 9, 14 ),( 38, 41 ),( 25, 22 ),( 42, 0 ),( 25, 21 ),( 38, 2 ),( 9, 29 ),( 39, 17 ),( 32, 27 ),( 16, 11 ),( 26, 4 ),( 14, 34 
),( 41, 5 ),( 22, 18 ),( 0, 1 )
point : ( 21, 25 ) , order : 44
  ( 21, 25 ),( 41, 5 ),( 29, 9 ),( 26, 4 ),( 27, 32 ),( 32, 27 ),( 4, 26 ),( 9, 29 ),( 5, 41 ),( 25, 21 ),( 1, 0 ),( 25, 22 ),( 5, 2 ),( 9, 14 ),( 4, 17 ),( 32, 16 ),( 27, 11 ),( 26, 39 ),( 29, 34 ),( 41, 38 ),( 21, 18 ),( 0, 42 ),( 22, 18 ),( 2, 38 ),( 14, 34 ),( 17, 39 ),( 16, 11 ),( 11, 16 ),( 39, 17 ),( 34, 14 ),( 38, 2 ),( 18, 22 ),( 42, 0 ),( 18, 21 ),( 38, 41 ),( 34, 29 ),( 39, 26 ),( 11, 27 ),( 16, 32 ),( 17, 4 ),( 14, 9 ),( 2, 5 ),( 22, 25 ),( 0, 1 )
point : ( 22, 18 ) , order : 44
  ( 22, 18 ),( 41, 5 ),( 14, 34 ),( 26, 4 ),( 16, 11 ),( 32, 27 ),( 39, 17 ),( 9, 29 ),( 38, 2 ),( 25, 21 ),( 42, 0 ),( 25, 22 ),( 38, 41 ),( 9, 14 ),( 39, 26 ),( 32, 16 ),( 16, 32 ),( 26, 39 ),( 14, 9 ),( 41, 38 ),( 22, 25 ),( 0, 42 ),( 21, 25 ),( 2, 38 ),( 29, 9 ),( 17, 39 ),( 27, 32 ),( 11, 16 ),( 4, 26 ),( 34, 14 ),( 5, 41 ),( 18, 22 ),( 1, 0 ),( 18, 21 ),( 5, 2 ),( 34, 29 ),( 4, 17 ),( 11, 27 ),( 27, 11 ),( 17, 4 ),( 29, 34 ),( 2, 5 ),( 21, 18 ),( 0, 1 )
point : ( 22, 25 ) , order : 44
  ( 22, 25 ),( 2, 5 ),( 14, 9 ),( 17, 4 ),( 16, 32 ),( 11, 27 ),( 39, 26 ),( 34, 29 ),( 38, 41 ),( 18, 21 ),( 42, 0 ),( 18, 22 ),( 38, 2 ),( 34, 14 ),( 39, 17 ),( 11, 16 ),( 16, 11 ),( 17, 39 ),( 14, 34 ),( 2, 38 ),( 22, 18 ),( 0, 42 ),( 21, 18 ),( 41, 38 ),( 29, 34 ),( 26, 39 ),( 27, 11 ),( 32, 16 ),( 4, 17 ),( 9, 14 ),( 5, 2 ),( 25, 22 ),( 1, 0 ),( 25, 21 ),( 5, 41 ),( 9, 29 ),( 4, 26 ),( 32, 27 ),( 27, 32 ),( 26, 4 ),( 29, 9 
),( 41, 5 ),( 21, 25 ),( 0, 1 )
point : ( 25, 21 ) , order : 22
  ( 25, 21 ),( 41, 38 ),( 34, 14 ),( 17, 4 ),( 32, 27 ),( 32, 16 ),( 17, 39 ),( 34, 29 ),( 41, 5 ),( 25, 22 ),( 0, 42 ),( 18, 22 ),( 2, 5 ),( 9, 29 ),( 26, 39 ),( 11, 16 ),( 11, 27 ),( 26, 4 ),( 9, 14 ),( 2, 38 ),( 18, 21 ),( 0, 1 )
point : ( 25, 22 ) , order : 11
  ( 25, 22 ),( 2, 38 ),( 34, 29 ),( 26, 4 ),( 32, 16 ),( 11, 16 ),( 17, 4 ),( 9, 29 ),( 41, 38 ),( 18, 22 ),( 0, 1 )
point : ( 26, 4 ) , order : 11
  ( 26, 4 ),( 9, 29 ),( 25, 22 ),( 32, 16 ),( 41, 38 ),( 2, 38 ),( 11, 16 ),( 18, 22 ),( 34, 29 ),( 17, 4 ),( 0, 1 )
point : ( 26, 39 ) , order : 22
  ( 26, 39 ),( 34, 29 ),( 25, 21 ),( 11, 16 ),( 41, 5 ),( 41, 38 ),( 11, 27 ),( 25, 22 ),( 34, 14 ),( 26, 4 ),( 0, 42 ),( 17, 4 ),( 9, 14 ),( 18, 22 ),( 32, 27 ),( 2, 38 ),( 2, 5 ),( 32, 16 ),( 18, 21 ),( 9, 29 ),( 17, 39 ),( 0, 1 )
point : ( 27, 11 ) , order : 44
  ( 27, 11 ),( 18, 21 ),( 4, 26 ),( 2, 38 ),( 14, 9 ),( 9, 14 ),( 38, 2 ),( 26, 4 ),( 21, 18 ),( 11, 27 ),( 1, 0 ),( 11, 16 ),( 21, 25 ),( 26, 39 ),( 38, 41 ),( 9, 29 ),( 14, 34 ),( 2, 5 ),( 4, 17 ),( 18, 22 ),( 27, 32 ),( 0, 42 ),( 16, 32 ),( 25, 22 ),( 39, 17 ),( 41, 5 ),( 29, 34 ),( 34, 29 ),( 5, 41 ),( 17, 39 ),( 22, 25 ),( 32, 16 ),( 42, 0 ),( 32, 27 ),( 22, 18 ),( 17, 4 ),( 5, 2 ),( 34, 14 ),( 29, 9 ),( 41, 38 ),( 39, 26 ),( 25, 21 ),( 16, 11 ),( 0, 1 )
point : ( 27, 32 ) , order : 44
  ( 27, 32 ),( 25, 21 ),( 4, 17 ),( 41, 38 ),( 14, 34 ),( 34, 14 ),( 38, 41 ),( 17, 4 ),( 21, 25 ),( 32, 27 ),( 1, 0 ),( 32, 16 ),( 21, 18 ),( 17, 39 ),( 38, 2 ),( 34, 29 ),( 14, 9 ),( 41, 5 ),( 4, 26 ),( 25, 22 ),( 27, 11 ),( 0, 42 ),( 16, 11 ),( 18, 22 ),( 39, 26 ),( 2, 5 ),( 29, 9 ),( 9, 29 ),( 5, 2 ),( 26, 39 ),( 22, 18 ),( 11, 16 ),( 42, 0 ),( 11, 27 ),( 22, 25 ),( 26, 4 ),( 5, 41 ),( 9, 14 ),( 29, 34 ),( 2, 38 ),( 39, 17 ),( 18, 21 ),( 16, 32 ),( 0, 1 )
point : ( 29, 9 ) , order : 44
  ( 29, 9 ),( 32, 27 ),( 5, 41 ),( 25, 22 ),( 4, 17 ),( 26, 39 ),( 21, 18 ),( 2, 38 ),( 16, 11 ),( 34, 14 ),( 42, 0 ),( 34, 29 ),( 16, 32 ),( 2, 5 ),( 21, 25 ),( 26, 4 ),( 4, 26 ),( 25, 21 ),( 5, 2 ),( 32, 16 ),( 29, 34 ),( 0, 42 ),( 14, 34 ),( 11, 16 ),( 38, 2 ),( 18, 21 ),( 39, 26 ),( 
17, 4 ),( 22, 25 ),( 41, 5 ),( 27, 32 ),( 9, 29 ),( 1, 0 ),( 9, 14 ),( 27, 11 ),( 41, 38 ),( 22, 18 ),( 17, 39 ),( 39, 17 ),( 18, 22 ),( 38, 41 
),( 11, 27 ),( 14, 9 ),( 0, 1 )
point : ( 29, 34 ) , order : 44
  ( 29, 34 ),( 11, 27 ),( 5, 2 ),( 18, 22 ),( 4, 26 ),( 17, 39 ),( 21, 25 ),( 41, 38 ),( 16, 32 ),( 9, 14 ),( 42, 0 ),( 9, 29 ),( 16, 11 ),( 41, 5 ),( 21, 18 ),( 17, 4 ),( 4, 17 ),( 18, 21 ),( 5, 41 ),( 11, 16 ),( 29, 9 ),( 0, 42 ),( 14, 9 ),( 32, 16 ),( 38, 41 ),( 25, 21 ),( 39, 17 ),( 
26, 4 ),( 22, 18 ),( 2, 5 ),( 27, 11 ),( 34, 29 ),( 1, 0 ),( 34, 14 ),( 27, 32 ),( 2, 38 ),( 22, 25 ),( 26, 39 ),( 39, 26 ),( 25, 22 ),( 38, 2 ),( 32, 27 ),( 14, 34 ),( 0, 1 )
point : ( 32, 16 ) , order : 11
  ( 32, 16 ),( 18, 22 ),( 26, 4 ),( 41, 38 ),( 34, 29 ),( 9, 29 ),( 2, 38 ),( 17, 4 ),( 25, 22 ),( 11, 16 ),( 0, 1 )
point : ( 32, 27 ) , order : 22
  ( 32, 27 ),( 25, 22 ),( 26, 39 ),( 2, 38 ),( 34, 14 ),( 34, 29 ),( 2, 5 ),( 26, 4 ),( 25, 21 ),( 32, 16 ),( 0, 42 ),( 11, 16 ),( 18, 21 ),( 17, 4 ),( 41, 5 ),( 9, 29 ),( 9, 14 ),( 41, 38 ),( 17, 39 ),( 18, 22 ),( 11, 27 ),( 0, 1 )
point : ( 34, 14 ) , order : 22
  ( 34, 14 ),( 32, 16 ),( 41, 5 ),( 18, 22 ),( 26, 39 ),( 26, 4 ),( 18, 21 ),( 41, 38 ),( 32, 27 ),( 34, 29 ),( 0, 42 ),( 9, 29 ),( 11, 27 ),( 2, 38 ),( 25, 21 ),( 17, 4 ),( 17, 39 ),( 25, 22 ),( 2, 5 ),( 11, 16 ),( 9, 14 ),( 0, 1 )
point : ( 34, 29 ) , order : 11
  ( 34, 29 ),( 11, 16 ),( 41, 38 ),( 25, 22 ),( 26, 4 ),( 17, 4 ),( 18, 22 ),( 2, 38 ),( 32, 16 ),( 9, 29 ),( 0, 1 )
point : ( 38, 2 ) , order : 44
  ( 38, 2 ),( 26, 39 ),( 27, 32 ),( 34, 29 ),( 22, 18 ),( 25, 21 ),( 14, 9 ),( 11, 16 ),( 4, 17 ),( 41, 5 ),( 42, 0 ),( 41, 38 ),( 4, 26 ),( 11, 27 ),( 14, 34 ),( 25, 22 ),( 22, 25 ),( 34, 14 ),( 27, 11 ),( 26, 4 ),( 38, 41 ),( 0, 42 ),( 5, 41 ),( 17, 4 ),( 16, 11 ),( 9, 14 ),( 21, 25 ),( 18, 22 ),( 29, 34 ),( 32, 27 ),( 39, 26 ),( 2, 38 ),( 1, 0 ),( 2, 5 ),( 39, 17 ),( 32, 16 ),( 29, 9 ),( 18, 21 ),( 21, 18 ),( 9, 29 ),( 16, 32 ),( 17, 39 ),( 5, 2 ),( 0, 1 )
point : ( 38, 41 ) , order : 44
  ( 38, 41 ),( 17, 39 ),( 27, 11 ),( 9, 29 ),( 22, 25 ),( 18, 21 ),( 14, 34 ),( 32, 16 ),( 4, 26 ),( 2, 5 ),( 42, 0 ),( 2, 38 ),( 4, 17 ),( 32, 
27 ),( 14, 9 ),( 18, 22 ),( 22, 18 ),( 9, 14 ),( 27, 32 ),( 17, 4 ),( 38, 2 ),( 0, 42 ),( 5, 2 ),( 26, 4 ),( 16, 32 ),( 34, 14 ),( 21, 18 ),( 25, 22 ),( 29, 9 ),( 11, 27 ),( 39, 17 ),( 41, 38 ),( 1, 0 ),( 41, 5 ),( 39, 26 ),( 11, 16 ),( 29, 34 ),( 25, 21 ),( 21, 25 ),( 34, 29 ),( 16, 11 
),( 26, 39 ),( 5, 41 ),( 0, 1 )
point : ( 39, 17 ) , order : 44
  ( 39, 17 ),( 9, 14 ),( 22, 25 ),( 11, 16 ),( 5, 2 ),( 2, 5 ),( 16, 11 ),( 25, 22 ),( 14, 9 ),( 17, 39 ),( 1, 0 ),( 17, 4 ),( 14, 34 ),( 25, 21 ),( 16, 32 ),( 2, 38 ),( 5, 41 ),( 11, 27 ),( 22, 18 ),( 9, 29 ),( 39, 26 ),( 0, 42 ),( 4, 26 ),( 34, 29 ),( 21, 18 ),( 32, 27 ),( 38, 41 ),( 41, 38 ),( 27, 32 ),( 18, 21 ),( 29, 34 ),( 26, 4 ),( 42, 0 ),( 26, 39 ),( 29, 9 ),( 18, 22 ),( 27, 11 ),( 41, 5 ),( 38, 2 ),( 32, 16 ),( 21, 25 
),( 34, 14 ),( 4, 17 ),( 0, 1 )
point : ( 39, 26 ) , order : 44
  ( 39, 26 ),( 34, 14 ),( 22, 18 ),( 32, 16 ),( 5, 41 ),( 41, 5 ),( 16, 32 ),( 18, 22 ),( 14, 34 ),( 26, 39 ),( 1, 0 ),( 26, 4 ),( 14, 9 ),( 18, 21 ),( 16, 11 ),( 41, 38 ),( 5, 2 ),( 32, 27 ),( 22, 25 ),( 34, 29 ),( 39, 17 ),( 0, 42 ),( 4, 17 ),( 9, 29 ),( 21, 25 ),( 11, 27 ),( 38, 2 ),( 2, 38 ),( 27, 11 ),( 25, 21 ),( 29, 9 ),( 17, 4 ),( 42, 0 ),( 17, 39 ),( 29, 34 ),( 25, 22 ),( 27, 32 ),( 2, 5 ),( 38, 41 ),( 11, 16 ),( 21, 18 ),( 9, 14 ),( 4, 26 ),( 0, 1 )
point : ( 41, 5 ) , order : 22
  ( 41, 5 ),( 26, 4 ),( 32, 27 ),( 9, 29 ),( 25, 21 ),( 25, 22 ),( 9, 14 ),( 32, 16 ),( 26, 39 ),( 41, 38 ),( 0, 42 ),( 2, 38 ),( 17, 39 ),( 11, 16 ),( 34, 14 ),( 18, 22 ),( 18, 21 ),( 34, 29 ),( 11, 27 ),( 17, 4 ),( 2, 5 ),( 0, 1 )
point : ( 41, 38 ) , order : 11
  ( 41, 38 ),( 17, 4 ),( 32, 16 ),( 34, 29 ),( 25, 22 ),( 18, 22 ),( 9, 29 ),( 11, 16 ),( 26, 4 ),( 2, 38 ),( 0, 1 )
point : ( 42, 0 ) , order : 4
  ( 42, 0 ),( 0, 42 ),( 1, 0 ),( 0, 1 )