素数 : 47
d : 5
a : 3
平方テーブル : {1=>1,
 2=>4,
 3=>9,
 4=>16,
 5=>25,
 6=>36,
 7=>2,
 8=>17,
 9=>34,
 10=>6,
 11=>27,
 12=>3,
 13=>28,
 14=>8,
 15=>37,
 16=>21,
 17=>7,
 18=>42,
 19=>32,
 20=>24,
 21=>18,
 22=>14,
 23=>12,
 24=>12,
 25=>14,
 26=>18,
 27=>24,
 28=>32,
 29=>42,
 30=>7,
 31=>21,
 32=>37,
 33=>8,
 34=>28,
 35=>3,
 36=>27,
 37=>6,
 38=>34,
 39=>17,
 40=>2,
 41=>36,
 42=>25,
 43=>16,
 44=>9,
 45=>4,
 46=>1}
平方根テーブル : [[1, [1, 46]],
 [2, [7, 40]],
 [3, [12, 35]],
 [4, [2, 45]],
 [6, [10, 37]],
 [7, [17, 30]],
 [8, [14, 33]],
 [9, [3, 44]],
 [12, [23, 24]],
 [14, [22, 25]],
 [16, [4, 43]],
 [17, [8, 39]],
 [18, [21, 26]],
 [21, [16, 31]],
 [24, [20, 27]],
 [25, [5, 42]],
 [27, [11, 36]],
 [28, [13, 34]],
 [32, [19, 28]],
 [34, [9, 38]],
 [36, [6, 41]],
 [37, [15, 32]],
 [42, [18, 29]]]
非平方剰余数(d候補) : [5,
 10,
 11,
 13,
 15,
 19,
 20,
 22,
 23,
 26,
 29,
 30,
 31,
 33,
 35,
 38,
 39,
 40,
 41,
 43,
 44,
 45,
 46]
逆数テーブル : {1=>1,
 2=>24,
 3=>16,
 4=>12,
 5=>19,
 6=>8,
 7=>27,
 8=>6,
 9=>21,
 10=>33,
 11=>30,
 12=>4,
 13=>29,
 14=>37,
 15=>22,
 16=>3,
 17=>36,
 18=>34,
 19=>5,
 20=>40,
 21=>9,
 22=>15,
 23=>45,
 24=>2,
 25=>32,
 26=>38,
 27=>7,
 28=>42,
 29=>13,
 30=>11,
 31=>44,
 32=>25,
 33=>10,
 34=>18,
 35=>43,
 36=>17,
 37=>14,
 38=>26,
 39=>41,
 40=>20,
 41=>39,
 42=>28,
 43=>35,
 44=>31,
 45=>23,
 46=>46}
曲線上の点 : [
 ( 0, 1 ),
 ( 0, 46 ),
 ( 1, 20 ),
 ( 1, 27 ),
 ( 2, 14 ),
 ( 2, 33 ),
 ( 3, 17 ),
 ( 3, 30 ),
 ( 4, 0 ),
 ( 6, 3 ),
 ( 6, 44 ),
 ( 8, 18 ),
 ( 8, 29 ),
 ( 9, 23 ),
 ( 9, 24 ),
 ( 11, 7 ),
 ( 11, 40 ),
 ( 12, 22 ),
 ( 12, 25 ),
 ( 14, 12 ),
 ( 14, 35 ),
 ( 16, 5 ),
 ( 16, 42 ),
 ( 19, 9 ),
 ( 19, 38 ),
 ( 20, 4 ),
 ( 20, 43 ),
 ( 21, 11 ),
 ( 21, 36 ),
 ( 22, 2 ),
 ( 22, 45 ),
 ( 25, 2 ),
 ( 25, 45 ),
 ( 26, 11 ),
 ( 26, 36 ),
 ( 27, 4 ),
 ( 27, 43 ),
 ( 28, 9 ),
 ( 28, 38 ),
 ( 31, 5 ),
 ( 31, 42 ),
 ( 33, 12 ),
 ( 33, 35 ),
 ( 35, 22 ),
 ( 35, 25 ),
 ( 36, 7 ),
 ( 36, 40 ),
 ( 38, 23 ),
 ( 38, 24 ),
 ( 39, 18 ),
 ( 39, 29 ),
 ( 41, 3 ),
 ( 41, 44 ),
 ( 43, 0 ),
 ( 44, 17 ),
 ( 44, 30 ),
 ( 45, 14 ),
 ( 45, 33 ),
 ( 46, 20 ),
 ( 46, 27 ),
]
各点をベースポイントとして加算した点 :
point : ( 0, 1 ) , order : 1
  ( 0, 1 )
point : ( 0, 46 ) , order : 2
  ( 0, 46 ),( 0, 1 )
point : ( 1, 20 ) , order : 60
  ( 1, 20 ),( 45, 33 ),( 35, 25 ),( 31, 42 ),( 26, 11 ),( 25, 2 ),( 19, 38 ),( 36, 7 ),( 39, 29 ),( 3, 17 ),( 20, 4 ),( 41, 3 ),( 9, 24 ),( 14, 35 ),( 43, 0 ),( 14, 12 ),( 9, 23 ),( 41, 44 ),( 20, 43 ),( 3, 30 ),( 39, 18 ),( 36, 40 ),( 19, 9 ),( 25, 45 ),( 26, 36 ),( 31, 5 ),( 35, 22 ),( 45, 14 ),( 1, 27 ),( 0, 46 ),( 46, 27 ),( 2, 14 ),( 12, 22 ),( 16, 5 ),( 21, 36 ),( 22, 45 ),( 28, 9 ),( 11, 40 ),( 8, 18 ),( 44, 30 ),( 27, 43 ),( 6, 44 ),( 38, 23 ),( 33, 12 ),( 4, 0 ),( 33, 35 ),( 38, 24 ),( 6, 3 ),( 27, 4 ),( 44, 17 ),( 8, 29 ),( 11, 7 ),( 28, 38 ),( 22, 2 ),( 21, 11 ),( 16, 42 ),( 12, 25 ),( 2, 33 ),( 46, 20 ),( 0, 1 )
point : ( 1, 27 ) , order : 60
  ( 1, 27 ),( 2, 33 ),( 35, 22 ),( 16, 42 ),( 26, 36 ),( 22, 2 ),( 19, 9 ),( 11, 7 ),( 39, 18 ),( 44, 17 ),( 20, 43 ),( 6, 3 ),( 9, 23 ),( 33, 35 ),( 43, 0 ),( 33, 12 ),( 9, 24 ),( 6, 44 ),( 20, 4 ),( 44, 30 ),( 39, 29 ),( 11, 40 ),( 19, 38 ),( 22, 45 ),( 26, 11 ),( 16, 5 ),( 35, 25 ),( 2, 14 ),( 1, 20 ),( 0, 46 ),( 46, 20 ),( 45, 14 ),( 12, 25 ),( 31, 5 ),( 21, 11 ),( 25, 45 ),( 28, 38 ),( 36, 40 ),( 8, 29 ),( 3, 30 ),( 27, 4 ),( 41, 44 ),( 38, 24 ),( 14, 12 ),( 4, 0 ),( 14, 35 ),( 38, 23 ),( 41, 3 ),( 27, 43 ),( 3, 17 ),( 8, 18 ),( 36, 7 ),( 28, 9 ),( 25, 2 ),( 21, 36 ),( 31, 42 ),( 12, 22 ),( 45, 33 ),( 46, 27 ),( 0, 1 )
point : ( 2, 14 ) , order : 15
  ( 2, 14 ),( 31, 42 ),( 22, 45 ),( 36, 7 ),( 44, 30 ),( 41, 3 ),( 33, 12 ),( 14, 12 ),( 6, 3 ),( 3, 30 ),( 11, 7 ),( 25, 45 ),( 16, 42 ),( 45, 14 ),( 0, 1 )
point : ( 2, 33 ) , order : 30
  ( 2, 33 ),( 16, 42 ),( 22, 2 ),( 11, 7 ),( 44, 17 ),( 6, 3 ),( 33, 35 ),( 33, 12 ),( 6, 44 ),( 44, 30 ),( 11, 40 ),( 22, 45 ),( 16, 5 ),( 2, 14 ),( 0, 46 ),( 45, 14 ),( 31, 5 ),( 25, 45 ),( 36, 40 ),( 3, 30 ),( 41, 44 ),( 14, 12 ),( 14, 35 ),( 41, 3 ),( 3, 17 ),( 36, 7 ),( 25, 2 ),( 31, 42 ),( 45, 33 ),( 0, 1 )
point : ( 3, 17 ) , order : 6
  ( 3, 17 ),( 3, 30 ),( 0, 46 ),( 44, 30 ),( 44, 17 ),( 0, 1 )
point : ( 3, 30 ) , order : 3
  ( 3, 30 ),( 44, 30 ),( 0, 1 )
point : ( 4, 0 ) , order : 4
  ( 4, 0 ),( 0, 46 ),( 43, 0 ),( 0, 1 )
point : ( 6, 3 ) , order : 5
  ( 6, 3 ),( 22, 45 ),( 25, 45 ),( 41, 3 ),( 0, 1 )
point : ( 6, 44 ) , order : 10
  ( 6, 44 ),( 25, 45 ),( 25, 2 ),( 6, 3 ),( 0, 46 ),( 41, 3 ),( 22, 2 ),( 22, 45 ),( 41, 44 ),( 0, 1 )
point : ( 8, 18 ) , order : 20
  ( 8, 18 ),( 41, 44 ),( 12, 25 ),( 22, 45 ),( 43, 0 ),( 22, 2 ),( 12, 22 ),( 41, 3 ),( 8, 29 ),( 0, 46 ),( 39, 29 ),( 6, 3 ),( 35, 22 ),( 25, 2 ),( 4, 0 ),( 25, 45 ),( 35, 25 ),( 6, 44 ),( 39, 18 ),( 0, 1 )
point : ( 8, 29 ) , order : 20
  ( 8, 29 ),( 6, 44 ),( 12, 22 ),( 25, 45 ),( 43, 0 ),( 25, 2 ),( 12, 25 ),( 6, 3 ),( 8, 18 ),( 0, 46 ),( 39, 18 ),( 41, 3 ),( 35, 25 ),( 22, 2 ),( 4, 0 ),( 22, 45 ),( 35, 22 ),( 41, 44 ),( 39, 29 ),( 0, 1 )
point : ( 9, 23 ) , order : 60
  ( 9, 23 ),( 16, 5 ),( 8, 29 ),( 36, 7 ),( 26, 36 ),( 6, 44 ),( 46, 20 ),( 14, 12 ),( 12, 22 ),( 44, 17 ),( 19, 38 ),( 25, 45 ),( 27, 43 ),( 2, 33 ),( 43, 0 ),( 2, 14 ),( 27, 4 ),( 25, 2 ),( 19, 9 ),( 44, 30 ),( 12, 25 ),( 14, 35 ),( 46, 27 ),( 6, 3 ),( 26, 11 ),( 36, 40 ),( 8, 18 ),( 16, 42 ),( 9, 24 ),( 0, 46 ),( 38, 24 ),( 31, 42 ),( 39, 18 ),( 11, 40 ),( 21, 11 ),( 41, 3 ),( 1, 27 ),( 33, 35 ),( 35, 25 ),( 3, 30 ),( 28, 9 ),( 22, 2 ),( 20, 4 ),( 45, 14 ),( 4, 0 ),( 45, 33 ),( 20, 43 ),( 22, 45 ),( 28, 38 ),( 3, 17 ),( 35, 22 ),( 33, 12 ),( 1, 20 ),( 41, 44 ),( 21, 36 ),( 11, 7 ),( 39, 29 ),( 31, 5 ),( 38, 23 ),( 0, 1 )
point : ( 9, 24 ) , order : 60
  ( 9, 24 ),( 31, 5 ),( 8, 18 ),( 11, 7 ),( 26, 11 ),( 41, 44 ),( 46, 27 ),( 33, 12 ),( 12, 25 ),( 3, 17 ),( 19, 9 ),( 22, 45 ),( 27, 4 ),( 45, 33 ),( 43, 0 ),( 45, 14 ),( 27, 43 ),( 22, 2 ),( 19, 38 ),( 3, 30 ),( 12, 22 ),( 33, 35 ),( 46, 20 ),( 41, 3 ),( 26, 36 ),( 11, 40 ),( 8, 29 ),( 31, 42 ),( 9, 23 ),( 0, 46 ),( 38, 23 ),( 16, 42 ),( 39, 29 ),( 36, 40 ),( 21, 36 ),( 6, 3 ),( 1, 20 ),( 14, 35 ),( 35, 22 ),( 44, 30 ),( 28, 38 ),( 25, 2 ),( 20, 43 ),( 2, 14 ),( 4, 0 ),( 2, 33 ),( 20, 4 ),( 25, 45 ),( 28, 9 ),( 44, 17 ),( 35, 25 ),( 14, 12 ),( 1, 27 ),( 6, 44 ),( 21, 11 ),( 36, 7 ),( 39, 18 ),( 16, 5 ),( 38, 24 ),( 0, 1 )
point : ( 11, 7 ) , order : 15
  ( 11, 7 ),( 33, 12 ),( 22, 45 ),( 45, 14 ),( 3, 30 ),( 41, 3 ),( 31, 42 ),( 16, 42 ),( 6, 3 ),( 44, 30 ),( 2, 14 ),( 25, 45 ),( 14, 12 ),( 36, 7 ),( 0, 1 )
point : ( 11, 40 ) , order : 30
  ( 11, 40 ),( 14, 12 ),( 22, 2 ),( 2, 14 ),( 3, 17 ),( 6, 3 ),( 31, 5 ),( 31, 42 ),( 6, 44 ),( 3, 30 ),( 2, 33 ),( 22, 45 ),( 14, 35 ),( 11, 7 ),( 0, 46 ),( 36, 7 ),( 33, 35 ),( 25, 45 ),( 45, 33 ),( 44, 30 ),( 41, 44 ),( 16, 42 ),( 16, 5 ),( 41, 3 ),( 44, 17 ),( 45, 14 ),( 25, 2 ),( 33, 12 ),( 36, 40 ),( 0, 1 )
point : ( 12, 22 ) , order : 20
  ( 12, 22 ),( 25, 2 ),( 8, 18 ),( 41, 3 ),( 4, 0 ),( 41, 44 ),( 8, 29 ),( 25, 45 ),( 12, 25 ),( 0, 46 ),( 35, 25 ),( 22, 45 ),( 39, 29 ),( 6, 44 ),( 43, 0 ),( 6, 3 ),( 39, 18 ),( 22, 2 ),( 35, 22 ),( 0, 1 )
point : ( 12, 25 ) , order : 20
  ( 12, 25 ),( 22, 2 ),( 8, 29 ),( 6, 3 ),( 4, 0 ),( 6, 44 ),( 8, 18 ),( 22, 45 ),( 12, 22 ),( 0, 46 ),( 35, 22 ),( 25, 45 ),( 39, 18 ),( 41, 44 ),( 43, 0 ),( 41, 3 ),( 39, 29 ),( 25, 2 ),( 35, 25 ),( 0, 1 )
point : ( 14, 12 ) , order : 15
  ( 14, 12 ),( 2, 14 ),( 6, 3 ),( 31, 42 ),( 3, 30 ),( 22, 45 ),( 11, 7 ),( 36, 7 ),( 25, 45 ),( 44, 30 ),( 16, 42 ),( 41, 3 ),( 45, 14 ),( 33, 12 ),( 0, 1 )
point : ( 14, 35 ) , order : 30
  ( 14, 35 ),( 45, 14 ),( 6, 44 ),( 16, 42 ),( 3, 17 ),( 25, 45 ),( 11, 40 ),( 11, 7 ),( 25, 2 ),( 3, 30 ),( 16, 5 ),( 6, 3 ),( 45, 33 ),( 14, 12 ),( 0, 46 ),( 33, 12 ),( 2, 33 ),( 41, 3 ),( 31, 5 ),( 44, 30 ),( 22, 2 ),( 36, 7 ),( 36, 40 ),( 22, 45 ),( 44, 17 ),( 31, 42 ),( 41, 44 ),( 2, 14 ),( 33, 35 ),( 0, 1 )
point : ( 16, 5 ) , order : 30
  ( 16, 5 ),( 36, 7 ),( 6, 44 ),( 14, 12 ),( 44, 17 ),( 25, 45 ),( 2, 33 ),( 2, 14 ),( 25, 2 ),( 44, 30 ),( 14, 35 ),( 6, 3 ),( 36, 40 ),( 16, 42 ),( 0, 46 ),( 31, 42 ),( 11, 40 ),( 41, 3 ),( 33, 35 ),( 3, 30 ),( 22, 2 ),( 45, 14 ),( 45, 33 ),( 22, 45 ),( 3, 17 ),( 33, 12 ),( 41, 44 ),( 11, 7 ),( 31, 5 ),( 0, 1 )
point : ( 16, 42 ) , order : 15
  ( 16, 42 ),( 11, 7 ),( 6, 3 ),( 33, 12 ),( 44, 30 ),( 22, 45 ),( 2, 14 ),( 45, 14 ),( 25, 45 ),( 3, 30 ),( 14, 12 ),( 41, 3 ),( 36, 7 ),( 31, 42 ),( 0, 1 )
point : ( 19, 9 ) , order : 60
  ( 19, 9 ),( 33, 35 ),( 39, 29 ),( 2, 14 ),( 21, 11 ),( 41, 44 ),( 27, 43 ),( 31, 42 ),( 35, 22 ),( 44, 17 ),( 9, 24 ),( 22, 45 ),( 46, 20 ),( 36, 40 ),( 4, 0 ),( 36, 7 ),( 46, 27 ),( 22, 2 ),( 9, 23 ),( 44, 30 ),( 35, 25 ),( 31, 5 ),( 27, 4 ),( 41, 3 ),( 21, 36 ),( 2, 33 ),( 39, 18 ),( 33, 12 ),( 19, 38 ),( 0, 46 ),( 28, 38 ),( 14, 12 ),( 8, 18 ),( 45, 33 ),( 26, 36 ),( 6, 3 ),( 20, 4 ),( 16, 5 ),( 12, 25 ),( 3, 30 ),( 38, 23 ),( 25, 2 ),( 1, 27 ),( 11, 7 ),( 43, 0 ),( 11, 40 ),( 1, 20 ),( 25, 45 ),( 38, 24 ),( 3, 17 ),( 12, 22 ),( 16, 42 ),( 20, 43 ),( 6, 44 ),( 26, 11 ),( 45, 14 ),( 8, 29 ),( 14, 35 ),( 28, 9 ),( 0, 1 )
point : ( 19, 38 ) , order : 60
  ( 19, 38 ),( 14, 35 ),( 39, 18 ),( 45, 14 ),( 21, 36 ),( 6, 44 ),( 27, 4 ),( 16, 42 ),( 35, 25 ),( 3, 17 ),( 9, 23 ),( 25, 45 ),( 46, 27 ),( 11, 40 ),( 4, 0 ),( 11, 7 ),( 46, 20 ),( 25, 2 ),( 9, 24 ),( 3, 30 ),( 35, 22 ),( 16, 5 ),( 27, 43 ),( 6, 3 ),( 21, 11 ),( 45, 33 ),( 39, 29 ),( 14, 12 ),( 19, 9 ),( 0, 46 ),( 28, 9 ),( 33, 12 ),( 8, 29 ),( 2, 33 ),( 26, 11 ),( 41, 3 ),( 20, 43 ),( 31, 5 ),( 12, 22 ),( 44, 30 ),( 38, 24 ),( 22, 2 ),( 1, 20 ),( 36, 7 ),( 43, 0 ),( 36, 40 ),( 1, 27 ),( 22, 45 ),( 38, 23 ),( 44, 17 ),( 12, 25 ),( 31, 42 ),( 20, 4 ),( 41, 44 ),( 26, 36 ),( 2, 14 ),( 8, 18 ),( 33, 35 ),( 28, 38 ),( 0, 1 )
point : ( 20, 4 ) , order : 60
  ( 20, 4 ),( 36, 40 ),( 12, 22 ),( 33, 12 ),( 21, 11 ),( 25, 2 ),( 9, 23 ),( 45, 14 ),( 8, 18 ),( 44, 17 ),( 1, 20 ),( 41, 3 ),( 19, 9 ),( 16, 5 ),( 4, 0 ),( 16, 42 ),( 19, 38 ),( 41, 44 ),( 1, 27 ),( 44, 30 ),( 8, 29 ),( 45, 33 ),( 9, 24 ),( 25, 45 ),( 21, 36 ),( 33, 35 ),( 12, 25 ),( 36, 7 ),( 20, 43 ),( 0, 46 ),( 27, 43 ),( 11, 7 ),( 35, 25 ),( 14, 35 ),( 26, 36 ),( 22, 45 ),( 38, 24 ),( 2, 33 ),( 39, 29 ),( 3, 30 ),( 46, 27 ),( 6, 44 ),( 28, 38 ),( 31, 42 ),( 43, 0 ),( 31, 5 ),( 28, 9 ),( 6, 3 ),( 46, 20 ),( 3, 17 ),( 39, 18 ),( 2, 14 ),( 38, 23 ),( 22, 2 ),( 26, 11 ),( 14, 12 ),( 35, 22 ),( 11, 40 ),( 27, 4 ),( 0, 1 )
point : ( 20, 43 ) , order : 60
  ( 20, 43 ),( 11, 40 ),( 12, 25 ),( 14, 12 ),( 21, 36 ),( 22, 2 ),( 9, 24 ),( 2, 14 ),( 8, 29 ),( 3, 17 ),( 1, 27 ),( 6, 3 ),( 19, 38 ),( 31, 5 ),( 4, 0 ),( 31, 42 ),( 19, 9 ),( 6, 44 ),( 1, 20 ),( 3, 30 ),( 8, 18 ),( 2, 33 ),( 9, 23 ),( 22, 45 ),( 21, 11 ),( 14, 35 ),( 12, 22 ),( 11, 7 ),( 20, 4 ),( 0, 46 ),( 27, 4 ),( 36, 7 ),( 35, 22 ),( 33, 35 ),( 26, 11 ),( 25, 45 ),( 38, 23 ),( 45, 33 ),( 39, 18 ),( 44, 30 ),( 46, 20 ),( 41, 44 ),( 28, 9 ),( 16, 42 ),( 43, 0 ),( 16, 5 ),( 28, 38 ),( 41, 3 ),( 46, 27 ),( 44, 17 ),( 39, 29 ),( 45, 14 ),( 38, 24 ),( 25, 2 ),( 26, 36 ),( 33, 12 ),( 35, 25 ),( 36, 40 ),( 27, 43 ),( 0, 1 )
point : ( 21, 11 ) , order : 12
  ( 21, 11 ),( 44, 17 ),( 4, 0 ),( 44, 30 ),( 21, 36 ),( 0, 46 ),( 26, 36 ),( 3, 30 ),( 43, 0 ),( 3, 17 ),( 26, 11 ),( 0, 1 )
point : ( 21, 36 ) , order : 12
  ( 21, 36 ),( 3, 17 ),( 4, 0 ),( 3, 30 ),( 21, 11 ),( 0, 46 ),( 26, 11 ),( 44, 30 ),( 43, 0 ),( 44, 17 ),( 26, 36 ),( 0, 1 )
point : ( 22, 2 ) , order : 10
  ( 22, 2 ),( 6, 3 ),( 6, 44 ),( 22, 45 ),( 0, 46 ),( 25, 45 ),( 41, 44 ),( 41, 3 ),( 25, 2 ),( 0, 1 )
point : ( 22, 45 ) , order : 5
  ( 22, 45 ),( 41, 3 ),( 6, 3 ),( 25, 45 ),( 0, 1 )
point : ( 25, 2 ) , order : 10
  ( 25, 2 ),( 41, 3 ),( 41, 44 ),( 25, 45 ),( 0, 46 ),( 22, 45 ),( 6, 44 ),( 6, 3 ),( 22, 2 ),( 0, 1 )
point : ( 25, 45 ) , order : 5
  ( 25, 45 ),( 6, 3 ),( 41, 3 ),( 22, 45 ),( 0, 1 )
point : ( 26, 11 ) , order : 12
  ( 26, 11 ),( 3, 17 ),( 43, 0 ),( 3, 30 ),( 26, 36 ),( 0, 46 ),( 21, 36 ),( 44, 30 ),( 4, 0 ),( 44, 17 ),( 21, 11 ),( 0, 1 )
point : ( 26, 36 ) , order : 12
  ( 26, 36 ),( 44, 17 ),( 43, 0 ),( 44, 30 ),( 26, 11 ),( 0, 46 ),( 21, 11 ),( 3, 30 ),( 4, 0 ),( 3, 17 ),( 21, 36 ),( 0, 1 )
point : ( 27, 4 ) , order : 60
  ( 27, 4 ),( 11, 40 ),( 35, 22 ),( 14, 12 ),( 26, 11 ),( 22, 2 ),( 38, 23 ),( 2, 14 ),( 39, 18 ),( 3, 17 ),( 46, 20 ),( 6, 3 ),( 28, 9 ),( 31, 5 ),( 43, 0 ),( 31, 42 ),( 28, 38 ),( 6, 44 ),( 46, 27 ),( 3, 30 ),( 39, 29 ),( 2, 33 ),( 38, 24 ),( 22, 45 ),( 26, 36 ),( 14, 35 ),( 35, 25 ),( 11, 7 ),( 27, 43 ),( 0, 46 ),( 20, 43 ),( 36, 7 ),( 12, 25 ),( 33, 35 ),( 21, 36 ),( 25, 45 ),( 9, 24 ),( 45, 33 ),( 8, 29 ),( 44, 30 ),( 1, 27 ),( 41, 44 ),( 19, 38 ),( 16, 42 ),( 4, 0 ),( 16, 5 ),( 19, 9 ),( 41, 3 ),( 1, 20 ),( 44, 17 ),( 8, 18 ),( 45, 14 ),( 9, 23 ),( 25, 2 ),( 21, 11 ),( 33, 12 ),( 12, 22 ),( 36, 40 ),( 20, 4 ),( 0, 1 )
point : ( 27, 43 ) , order : 60
  ( 27, 43 ),( 36, 40 ),( 35, 25 ),( 33, 12 ),( 26, 36 ),( 25, 2 ),( 38, 24 ),( 45, 14 ),( 39, 29 ),( 44, 17 ),( 46, 27 ),( 41, 3 ),( 28, 38 ),( 16, 5 ),( 43, 0 ),( 16, 42 ),( 28, 9 ),( 41, 44 ),( 46, 20 ),( 44, 30 ),( 39, 18 ),( 45, 33 ),( 38, 23 ),( 25, 45 ),( 26, 11 ),( 33, 35 ),( 35, 22 ),( 36, 7 ),( 27, 4 ),( 0, 46 ),( 20, 4 ),( 11, 7 ),( 12, 22 ),( 14, 35 ),( 21, 11 ),( 22, 45 ),( 9, 23 ),( 2, 33 ),( 8, 18 ),( 3, 30 ),( 1, 20 ),( 6, 44 ),( 19, 9 ),( 31, 42 ),( 4, 0 ),( 31, 5 ),( 19, 38 ),( 6, 3 ),( 1, 27 ),( 3, 17 ),( 8, 29 ),( 2, 14 ),( 9, 24 ),( 22, 2 ),( 21, 36 ),( 14, 12 ),( 12, 25 ),( 11, 40 ),( 20, 43 ),( 0, 1 )
point : ( 28, 9 ) , order : 60
  ( 28, 9 ),( 14, 35 ),( 8, 29 ),( 45, 14 ),( 26, 11 ),( 6, 44 ),( 20, 43 ),( 16, 42 ),( 12, 22 ),( 3, 17 ),( 38, 24 ),( 25, 45 ),( 1, 20 ),( 11, 40 ),( 43, 0 ),( 11, 7 ),( 1, 27 ),( 25, 2 ),( 38, 23 ),( 3, 30 ),( 12, 25 ),( 16, 5 ),( 20, 4 ),( 6, 3 ),( 26, 36 ),( 45, 33 ),( 8, 18 ),( 14, 12 ),( 28, 38 ),( 0, 46 ),( 19, 38 ),( 33, 12 ),( 39, 18 ),( 2, 33 ),( 21, 36 ),( 41, 3 ),( 27, 4 ),( 31, 5 ),( 35, 25 ),( 44, 30 ),( 9, 23 ),( 22, 2 ),( 46, 27 ),( 36, 7 ),( 4, 0 ),( 36, 40 ),( 46, 20 ),( 22, 45 ),( 9, 24 ),( 44, 17 ),( 35, 22 ),( 31, 42 ),( 27, 43 ),( 41, 44 ),( 21, 11 ),( 2, 14 ),( 39, 29 ),( 33, 35 ),( 19, 9 ),( 0, 1 )
point : ( 28, 38 ) , order : 60
  ( 28, 38 ),( 33, 35 ),( 8, 18 ),( 2, 14 ),( 26, 36 ),( 41, 44 ),( 20, 4 ),( 31, 42 ),( 12, 25 ),( 44, 17 ),( 38, 23 ),( 22, 45 ),( 1, 27 ),( 36, 40 ),( 43, 0 ),( 36, 7 ),( 1, 20 ),( 22, 2 ),( 38, 24 ),( 44, 30 ),( 12, 22 ),( 31, 5 ),( 20, 43 ),( 41, 3 ),( 26, 11 ),( 2, 33 ),( 8, 29 ),( 33, 12 ),( 28, 9 ),( 0, 46 ),( 19, 9 ),( 14, 12 ),( 39, 29 ),( 45, 33 ),( 21, 11 ),( 6, 3 ),( 27, 43 ),( 16, 5 ),( 35, 22 ),( 3, 30 ),( 9, 24 ),( 25, 2 ),( 46, 20 ),( 11, 7 ),( 4, 0 ),( 11, 40 ),( 46, 27 ),( 25, 45 ),( 9, 23 ),( 3, 17 ),( 35, 25 ),( 16, 42 ),( 27, 4 ),( 6, 44 ),( 21, 36 ),( 45, 14 ),( 39, 18 ),( 14, 35 ),( 19, 38 ),( 0, 1 )
point : ( 31, 5 ) , order : 30
  ( 31, 5 ),( 11, 7 ),( 41, 44 ),( 33, 12 ),( 3, 17 ),( 22, 45 ),( 45, 33 ),( 45, 14 ),( 22, 2 ),( 3, 30 ),( 33, 35 ),( 41, 3 ),( 11, 40 ),( 31, 42 ),( 0, 46 ),( 16, 42 ),( 36, 40 ),( 6, 3 ),( 14, 35 ),( 44, 30 ),( 25, 2 ),( 2, 14 ),( 2, 33 ),( 25, 45 ),( 44, 17 ),( 14, 12 ),( 6, 44 ),( 36, 7 ),( 16, 5 ),( 0, 1 )
point : ( 31, 42 ) , order : 15
  ( 31, 42 ),( 36, 7 ),( 41, 3 ),( 14, 12 ),( 3, 30 ),( 25, 45 ),( 45, 14 ),( 2, 14 ),( 22, 45 ),( 44, 30 ),( 33, 12 ),( 6, 3 ),( 11, 7 ),( 16, 42 ),( 0, 1 )
point : ( 33, 12 ) , order : 15
  ( 33, 12 ),( 45, 14 ),( 41, 3 ),( 16, 42 ),( 44, 30 ),( 25, 45 ),( 36, 7 ),( 11, 7 ),( 22, 45 ),( 3, 30 ),( 31, 42 ),( 6, 3 ),( 2, 14 ),( 14, 12 ),( 0, 1 )
point : ( 33, 35 ) , order : 30
  ( 33, 35 ),( 2, 14 ),( 41, 44 ),( 31, 42 ),( 44, 17 ),( 22, 45 ),( 36, 40 ),( 36, 7 ),( 22, 2 ),( 44, 30 ),( 31, 5 ),( 41, 3 ),( 2, 33 ),( 33, 12 ),( 0, 46 ),( 14, 12 ),( 45, 33 ),( 6, 3 ),( 16, 5 ),( 3, 30 ),( 25, 2 ),( 11, 7 ),( 11, 40 ),( 25, 45 ),( 3, 17 ),( 16, 42 ),( 6, 44 ),( 45, 14 ),( 14, 35 ),( 0, 1 )
point : ( 35, 22 ) , order : 20
  ( 35, 22 ),( 22, 2 ),( 39, 18 ),( 6, 3 ),( 43, 0 ),( 6, 44 ),( 39, 29 ),( 22, 45 ),( 35, 25 ),( 0, 46 ),( 12, 25 ),( 25, 45 ),( 8, 29 ),( 41, 44 ),( 4, 0 ),( 41, 3 ),( 8, 18 ),( 25, 2 ),( 12, 22 ),( 0, 1 )
point : ( 35, 25 ) , order : 20
  ( 35, 25 ),( 25, 2 ),( 39, 29 ),( 41, 3 ),( 43, 0 ),( 41, 44 ),( 39, 18 ),( 25, 45 ),( 35, 22 ),( 0, 46 ),( 12, 22 ),( 22, 45 ),( 8, 18 ),( 6, 44 ),( 4, 0 ),( 6, 3 ),( 8, 29 ),( 22, 2 ),( 12, 25 ),( 0, 1 )
point : ( 36, 7 ) , order : 15
  ( 36, 7 ),( 14, 12 ),( 25, 45 ),( 2, 14 ),( 44, 30 ),( 6, 3 ),( 16, 42 ),( 31, 42 ),( 41, 3 ),( 3, 30 ),( 45, 14 ),( 22, 45 ),( 33, 12 ),( 11, 7 ),( 0, 1 )
point : ( 36, 40 ) , order : 30
  ( 36, 40 ),( 33, 12 ),( 25, 2 ),( 45, 14 ),( 44, 17 ),( 41, 3 ),( 16, 5 ),( 16, 42 ),( 41, 44 ),( 44, 30 ),( 45, 33 ),( 25, 45 ),( 33, 35 ),( 36, 7 ),( 0, 46 ),( 11, 7 ),( 14, 35 ),( 22, 45 ),( 2, 33 ),( 3, 30 ),( 6, 44 ),( 31, 42 ),( 31, 5 ),( 6, 3 ),( 3, 17 ),( 2, 14 ),( 22, 2 ),( 14, 12 ),( 11, 40 ),( 0, 1 )
point : ( 38, 23 ) , order : 60
  ( 38, 23 ),( 31, 5 ),( 39, 29 ),( 11, 7 ),( 21, 36 ),( 41, 44 ),( 1, 20 ),( 33, 12 ),( 35, 22 ),( 3, 17 ),( 28, 38 ),( 22, 45 ),( 20, 43 ),( 45, 33 ),( 4, 0 ),( 45, 14 ),( 20, 4 ),( 22, 2 ),( 28, 9 ),( 3, 30 ),( 35, 25 ),( 33, 35 ),( 1, 27 ),( 41, 3 ),( 21, 11 ),( 11, 40 ),( 39, 18 ),( 31, 42 ),( 38, 24 ),( 0, 46 ),( 9, 24 ),( 16, 42 ),( 8, 18 ),( 36, 40 ),( 26, 11 ),( 6, 3 ),( 46, 27 ),( 14, 35 ),( 12, 25 ),( 44, 30 ),( 19, 9 ),( 25, 2 ),( 27, 4 ),( 2, 14 ),( 43, 0 ),( 2, 33 ),( 27, 43 ),( 25, 45 ),( 19, 38 ),( 44, 17 ),( 12, 22 ),( 14, 12 ),( 46, 20 ),( 6, 44 ),( 26, 36 ),( 36, 7 ),( 8, 29 ),( 16, 5 ),( 9, 23 ),( 0, 1 )
point : ( 38, 24 ) , order : 60
  ( 38, 24 ),( 16, 5 ),( 39, 18 ),( 36, 7 ),( 21, 11 ),( 6, 44 ),( 1, 27 ),( 14, 12 ),( 35, 25 ),( 44, 17 ),( 28, 9 ),( 25, 45 ),( 20, 4 ),( 2, 33 ),( 4, 0 ),( 2, 14 ),( 20, 43 ),( 25, 2 ),( 28, 38 ),( 44, 30 ),( 35, 22 ),( 14, 35 ),( 1, 20 ),( 6, 3 ),( 21, 36 ),( 36, 40 ),( 39, 29 ),( 16, 42 ),( 38, 23 ),( 0, 46 ),( 9, 23 ),( 31, 42 ),( 8, 29 ),( 11, 40 ),( 26, 36 ),( 41, 3 ),( 46, 20 ),( 33, 35 ),( 12, 22 ),( 3, 30 ),( 19, 38 ),( 22, 2 ),( 27, 43 ),( 45, 14 ),( 43, 0 ),( 45, 33 ),( 27, 4 ),( 22, 45 ),( 19, 9 ),( 3, 17 ),( 12, 25 ),( 33, 12 ),( 46, 27 ),( 41, 44 ),( 26, 11 ),( 11, 7 ),( 8, 18 ),( 31, 5 ),( 9, 24 ),( 0, 1 )
point : ( 39, 18 ) , order : 20
  ( 39, 18 ),( 6, 44 ),( 35, 25 ),( 25, 45 ),( 4, 0 ),( 25, 2 ),( 35, 22 ),( 6, 3 ),( 39, 29 ),( 0, 46 ),( 8, 29 ),( 41, 3 ),( 12, 22 ),( 22, 2 ),( 43, 0 ),( 22, 45 ),( 12, 25 ),( 41, 44 ),( 8, 18 ),( 0, 1 )
point : ( 39, 29 ) , order : 20
  ( 39, 29 ),( 41, 44 ),( 35, 22 ),( 22, 45 ),( 4, 0 ),( 22, 2 ),( 35, 25 ),( 41, 3 ),( 39, 18 ),( 0, 46 ),( 8, 18 ),( 6, 3 ),( 12, 25 ),( 25, 2 ),( 43, 0 ),( 25, 45 ),( 12, 22 ),( 6, 44 ),( 8, 29 ),( 0, 1 )
point : ( 41, 3 ) , order : 5
  ( 41, 3 ),( 25, 45 ),( 22, 45 ),( 6, 3 ),( 0, 1 )
point : ( 41, 44 ) , order : 10
  ( 41, 44 ),( 22, 45 ),( 22, 2 ),( 41, 3 ),( 0, 46 ),( 6, 3 ),( 25, 2 ),( 25, 45 ),( 6, 44 ),( 0, 1 )
point : ( 43, 0 ) , order : 4
  ( 43, 0 ),( 0, 46 ),( 4, 0 ),( 0, 1 )
point : ( 44, 17 ) , order : 6
  ( 44, 17 ),( 44, 30 ),( 0, 46 ),( 3, 30 ),( 3, 17 ),( 0, 1 )
point : ( 44, 30 ) , order : 3
  ( 44, 30 ),( 3, 30 ),( 0, 1 )
point : ( 45, 14 ) , order : 15
  ( 45, 14 ),( 16, 42 ),( 25, 45 ),( 11, 7 ),( 3, 30 ),( 6, 3 ),( 14, 12 ),( 33, 12 ),( 41, 3 ),( 44, 30 ),( 36, 7 ),( 22, 45 ),( 31, 42 ),( 2, 14 ),( 0, 1 )
point : ( 45, 33 ) , order : 30
  ( 45, 33 ),( 31, 42 ),( 25, 2 ),( 36, 7 ),( 3, 17 ),( 41, 3 ),( 14, 35 ),( 14, 12 ),( 41, 44 ),( 3, 30 ),( 36, 40 ),( 25, 45 ),( 31, 5 ),( 45, 14 ),( 0, 46 ),( 2, 14 ),( 16, 5 ),( 22, 45 ),( 11, 40 ),( 44, 30 ),( 6, 44 ),( 33, 12 ),( 33, 35 ),( 6, 3 ),( 44, 17 ),( 11, 7 ),( 22, 2 ),( 16, 42 ),( 2, 33 ),( 0, 1 )
point : ( 46, 20 ) , order : 60
  ( 46, 20 ),( 2, 33 ),( 12, 25 ),( 16, 42 ),( 21, 11 ),( 22, 2 ),( 28, 38 ),( 11, 7 ),( 8, 29 ),( 44, 17 ),( 27, 4 ),( 6, 3 ),( 38, 24 ),( 33, 35 ),( 4, 0 ),( 33, 12 ),( 38, 23 ),( 6, 44 ),( 27, 43 ),( 44, 30 ),( 8, 18 ),( 11, 40 ),( 28, 9 ),( 22, 45 ),( 21, 36 ),( 16, 5 ),( 12, 22 ),( 2, 14 ),( 46, 27 ),( 0, 46 ),( 1, 27 ),( 45, 14 ),( 35, 22 ),( 31, 5 ),( 26, 36 ),( 25, 45 ),( 19, 9 ),( 36, 40 ),( 39, 18 ),( 3, 30 ),( 20, 43 ),( 41, 44 ),( 9, 23 ),( 14, 12 ),( 43, 0 ),( 14, 35 ),( 9, 24 ),( 41, 3 ),( 20, 4 ),( 3, 17 ),( 39, 29 ),( 36, 7 ),( 19, 38 ),( 25, 2 ),( 26, 11 ),( 31, 42 ),( 35, 25 ),( 45, 33 ),( 1, 20 ),( 0, 1 )
point : ( 46, 27 ) , order : 60
  ( 46, 27 ),( 45, 33 ),( 12, 22 ),( 31, 42 ),( 21, 36 ),( 25, 2 ),( 28, 9 ),( 36, 7 ),( 8, 18 ),( 3, 17 ),( 27, 43 ),( 41, 3 ),( 38, 23 ),( 14, 35 ),( 4, 0 ),( 14, 12 ),( 38, 24 ),( 41, 44 ),( 27, 4 ),( 3, 30 ),( 8, 29 ),( 36, 40 ),( 28, 38 ),( 25, 45 ),( 21, 11 ),( 31, 5 ),( 12, 25 ),( 45, 14 ),( 46, 20 ),( 0, 46 ),( 1, 20 ),( 2, 14 ),( 35, 25 ),( 16, 5 ),( 26, 11 ),( 22, 45 ),( 19, 38 ),( 11, 40 ),( 39, 29 ),( 44, 30 ),( 20, 4 ),( 6, 44 ),( 9, 24 ),( 33, 12 ),( 43, 0 ),( 33, 35 ),( 9, 23 ),( 6, 3 ),( 20, 43 ),( 44, 17 ),( 39, 18 ),( 11, 7 ),( 19, 9 ),( 22, 2 ),( 26, 36 ),( 16, 42 ),( 35, 22 ),( 2, 33 ),( 1, 27 ),( 0, 1 )
