素数 : 47
d : 5
a : 6
平方テーブル : {1=>1,
 2=>4,
 3=>9,
 4=>16,
 5=>25,
 6=>36,
 7=>2,
 8=>17,
 9=>34,
 10=>6,
 11=>27,
 12=>3,
 13=>28,
 14=>8,
 15=>37,
 16=>21,
 17=>7,
 18=>42,
 19=>32,
 20=>24,
 21=>18,
 22=>14,
 23=>12,
 24=>12,
 25=>14,
 26=>18,
 27=>24,
 28=>32,
 29=>42,
 30=>7,
 31=>21,
 32=>37,
 33=>8,
 34=>28,
 35=>3,
 36=>27,
 37=>6,
 38=>34,
 39=>17,
 40=>2,
 41=>36,
 42=>25,
 43=>16,
 44=>9,
 45=>4,
 46=>1}
平方根テーブル : [[1, [1, 46]],
 [2, [7, 40]],
 [3, [12, 35]],
 [4, [2, 45]],
 [6, [10, 37]],
 [7, [17, 30]],
 [8, [14, 33]],
 [9, [3, 44]],
 [12, [23, 24]],
 [14, [22, 25]],
 [16, [4, 43]],
 [17, [8, 39]],
 [18, [21, 26]],
 [21, [16, 31]],
 [24, [20, 27]],
 [25, [5, 42]],
 [27, [11, 36]],
 [28, [13, 34]],
 [32, [19, 28]],
 [34, [9, 38]],
 [36, [6, 41]],
 [37, [15, 32]],
 [42, [18, 29]]]
非平方剰余数(d候補) : [5,
 10,
 11,
 13,
 15,
 19,
 20,
 22,
 23,
 26,
 29,
 30,
 31,
 33,
 35,
 38,
 39,
 40,
 41,
 43,
 44,
 45,
 46]
逆数テーブル : {1=>1,
 2=>24,
 3=>16,
 4=>12,
 5=>19,
 6=>8,
 7=>27,
 8=>6,
 9=>21,
 10=>33,
 11=>30,
 12=>4,
 13=>29,
 14=>37,
 15=>22,
 16=>3,
 17=>36,
 18=>34,
 19=>5,
 20=>40,
 21=>9,
 22=>15,
 23=>45,
 24=>2,
 25=>32,
 26=>38,
 27=>7,
 28=>42,
 29=>13,
 30=>11,
 31=>44,
 32=>25,
 33=>10,
 34=>18,
 35=>43,
 36=>17,
 37=>14,
 38=>26,
 39=>41,
 40=>20,
 41=>39,
 42=>28,
 43=>35,
 44=>31,
 45=>23,
 46=>46}
曲線上の点 : [
 ( 0, 1 ),
 ( 0, 46 ),
 ( 2, 16 ),
 ( 2, 31 ),
 ( 4, 5 ),
 ( 4, 42 ),
 ( 8, 2 ),
 ( 8, 45 ),
 ( 10, 19 ),
 ( 10, 28 ),
 ( 11, 20 ),
 ( 11, 27 ),
 ( 12, 21 ),
 ( 12, 26 ),
 ( 13, 9 ),
 ( 13, 38 ),
 ( 14, 0 ),
 ( 15, 11 ),
 ( 15, 36 ),
 ( 16, 6 ),
 ( 16, 41 ),
 ( 18, 12 ),
 ( 18, 35 ),
 ( 19, 14 ),
 ( 19, 33 ),
 ( 20, 8 ),
 ( 20, 39 ),
 ( 23, 7 ),
 ( 23, 40 ),
 ( 24, 7 ),
 ( 24, 40 ),
 ( 27, 8 ),
 ( 27, 39 ),
 ( 28, 14 ),
 ( 28, 33 ),
 ( 29, 12 ),
 ( 29, 35 ),
 ( 31, 6 ),
 ( 31, 41 ),
 ( 32, 11 ),
 ( 32, 36 ),
 ( 33, 0 ),
 ( 34, 9 ),
 ( 34, 38 ),
 ( 35, 21 ),
 ( 35, 26 ),
 ( 36, 20 ),
 ( 36, 27 ),
 ( 37, 19 ),
 ( 37, 28 ),
 ( 39, 2 ),
 ( 39, 45 ),
 ( 43, 5 ),
 ( 43, 42 ),
 ( 45, 16 ),
 ( 45, 31 ),
]
各点をベースポイントとして加算した点 :
point : ( 0, 1 ) , order : 1
  ( 0, 1 )
point : ( 0, 46 ) , order : 2
  ( 0, 46 ),( 0, 1 )
point : ( 2, 16 ) , order : 28
  ( 2, 16 ),( 15, 11 ),( 16, 6 ),( 37, 28 ),( 13, 38 ),( 36, 27 ),( 14, 0 ),( 36, 20 ),( 13, 9 ),( 37, 19 ),( 16, 41 ),( 15, 36 ),( 2, 31 ),( 0, 46 ),( 45, 31 ),( 32, 36 ),( 31, 41 ),( 10, 19 ),( 34, 9 ),( 11, 20 ),( 33, 0 ),( 11, 27 ),( 34, 38 ),( 10, 28 ),( 31, 6 ),( 32, 11 ),( 45, 16 ),( 0, 1 )
point : ( 2, 31 ) , order : 28
  ( 2, 31 ),( 32, 11 ),( 16, 41 ),( 10, 28 ),( 13, 9 ),( 11, 27 ),( 14, 0 ),( 11, 20 ),( 13, 38 ),( 10, 19 ),( 16, 6 ),( 32, 36 ),( 2, 16 ),( 0, 46 ),( 45, 16 ),( 15, 36 ),( 31, 6 ),( 37, 19 ),( 34, 38 ),( 36, 20 ),( 33, 0 ),( 36, 27 ),( 34, 9 ),( 37, 28 ),( 31, 41 ),( 15, 11 ),( 45, 31 ),( 0, 1 )
point : ( 4, 5 ) , order : 56
  ( 4, 5 ),( 45, 16 ),( 29, 35 ),( 32, 11 ),( 39, 45 ),( 31, 6 ),( 35, 21 ),( 10, 28 ),( 28, 14 ),( 34, 38 ),( 27, 8 ),( 11, 27 ),( 24, 40 ),( 33, 0 ),( 24, 7 ),( 11, 20 ),( 27, 39 ),( 34, 9 ),( 28, 33 ),( 10, 19 ),( 35, 26 ),( 31, 41 ),( 39, 2 ),( 32, 36 ),( 29, 12 ),( 45, 31 ),( 4, 42 ),( 0, 46 ),( 43, 42 ),( 2, 31 ),( 18, 12 ),( 15, 36 ),( 8, 2 ),( 16, 41 ),( 12, 26 ),( 37, 19 ),( 19, 33 ),( 13, 9 ),( 20, 39 ),( 36, 20 ),( 23, 7 ),( 14, 0 ),( 23, 40 ),( 36, 27 ),( 20, 8 ),( 13, 38 ),( 19, 14 ),( 37, 28 ),( 12, 21 ),( 16, 6 ),( 8, 45 ),( 15, 11 ),( 18, 35 ),( 2, 16 ),( 43, 5 ),( 0, 1 )
point : ( 4, 42 ) , order : 56
  ( 4, 42 ),( 2, 16 ),( 29, 12 ),( 15, 11 ),( 39, 2 ),( 16, 6 ),( 35, 26 ),( 37, 28 ),( 28, 33 ),( 13, 38 ),( 27, 39 ),( 36, 27 ),( 24, 7 ),( 14, 0 ),( 24, 40 ),( 36, 20 ),( 27, 8 ),( 13, 9 ),( 28, 14 ),( 37, 19 ),( 35, 21 ),( 16, 41 ),( 39, 45 ),( 15, 36 ),( 29, 35 ),( 2, 31 ),( 4, 5 ),( 0, 46 ),( 43, 5 ),( 45, 31 ),( 18, 35 ),( 32, 36 ),( 8, 45 ),( 31, 41 ),( 12, 21 ),( 10, 19 ),( 19, 14 ),( 34, 9 ),( 20, 8 ),( 11, 20 ),( 23, 40 ),( 33, 0 ),( 23, 7 ),( 11, 27 ),( 20, 39 ),( 34, 38 ),( 19, 33 ),( 10, 28 ),( 12, 26 ),( 31, 6 ),( 8, 2 ),( 32, 11 ),( 18, 12 ),( 45, 16 ),( 43, 42 ),( 0, 1 )
point : ( 8, 2 ) , order : 56
  ( 8, 2 ),( 34, 38 ),( 23, 40 ),( 10, 19 ),( 18, 35 ),( 2, 31 ),( 35, 21 ),( 36, 20 ),( 27, 39 ),( 16, 6 ),( 4, 42 ),( 32, 11 ),( 19, 33 ),( 33, 0 ),( 19, 14 ),( 32, 36 ),( 4, 5 ),( 16, 41 ),( 27, 8 ),( 36, 27 ),( 35, 26 ),( 2, 16 ),( 18, 12 ),( 10, 28 ),( 23, 7 ),( 34, 9 ),( 8, 45 ),( 0, 46 ),( 39, 45 ),( 13, 9 ),( 24, 7 ),( 37, 28 ),( 29, 12 ),( 45, 16 ),( 12, 26 ),( 11, 27 ),( 20, 8 ),( 31, 41 ),( 43, 5 ),( 15, 36 ),( 28, 14 ),( 14, 0 ),( 28, 33 ),( 15, 11 ),( 43, 42 ),( 31, 6 ),( 20, 39 ),( 11, 20 ),( 12, 21 ),( 45, 31 ),( 29, 35 ),( 37, 19 ),( 24, 40 ),( 13, 38 ),( 39, 2 ),( 0, 1 )
point : ( 8, 45 ) , order : 56
  ( 8, 45 ),( 13, 38 ),( 23, 7 ),( 37, 19 ),( 18, 12 ),( 45, 31 ),( 35, 26 ),( 11, 20 ),( 27, 8 ),( 31, 6 ),( 4, 5 ),( 15, 11 ),( 19, 14 ),( 14, 0 ),( 19, 33 ),( 15, 36 ),( 4, 42 ),( 31, 41 ),( 27, 39 ),( 11, 27 ),( 35, 21 ),( 45, 16 ),( 18, 35 ),( 37, 28 ),( 23, 40 ),( 13, 9 ),( 8, 2 ),( 0, 46 ),( 39, 2 ),( 34, 9 ),( 24, 40 ),( 10, 28 ),( 29, 35 ),( 2, 16 ),( 12, 21 ),( 36, 27 ),( 20, 39 ),( 16, 41 ),( 43, 42 ),( 32, 36 ),( 28, 33 ),( 33, 0 ),( 28, 14 ),( 32, 11 ),( 43, 5 ),( 16, 6 ),( 20, 8 ),( 36, 20 ),( 12, 26 ),( 2, 31 ),( 29, 12 ),( 10, 19 ),( 24, 7 ),( 34, 38 ),( 39, 45 ),( 0, 1 )
point : ( 10, 19 ) , order : 14
  ( 10, 19 ),( 36, 20 ),( 32, 11 ),( 32, 36 ),( 36, 27 ),( 10, 28 ),( 0, 46 ),( 37, 28 ),( 11, 27 ),( 15, 36 ),( 15, 11 ),( 11, 20 ),( 37, 19 ),( 0, 1 )
point : ( 10, 28 ) , order : 7
  ( 10, 28 ),( 11, 20 ),( 32, 36 ),( 15, 36 ),( 36, 20 ),( 37, 28 ),( 0, 1 )
point : ( 11, 20 ) , order : 7
  ( 11, 20 ),( 15, 36 ),( 37, 28 ),( 10, 28 ),( 32, 36 ),( 36, 20 ),( 0, 1 )
point : ( 11, 27 ) , order : 14
  ( 11, 27 ),( 32, 36 ),( 37, 19 ),( 37, 28 ),( 32, 11 ),( 11, 20 ),( 0, 46 ),( 36, 20 ),( 15, 11 ),( 10, 28 ),( 10, 19 ),( 15, 36 ),( 36, 27 ),( 0, 1 )
point : ( 12, 21 ) , order : 8
  ( 12, 21 ),( 14, 0 ),( 12, 26 ),( 0, 46 ),( 35, 26 ),( 33, 0 ),( 35, 21 ),( 0, 1 )
point : ( 12, 26 ) , order : 8
  ( 12, 26 ),( 33, 0 ),( 12, 21 ),( 0, 46 ),( 35, 21 ),( 14, 0 ),( 35, 26 ),( 0, 1 )
point : ( 13, 9 ) , order : 28
  ( 13, 9 ),( 10, 19 ),( 45, 16 ),( 36, 20 ),( 31, 41 ),( 32, 11 ),( 14, 0 ),( 32, 36 ),( 31, 6 ),( 36, 27 ),( 45, 31 ),( 10, 28 ),( 13, 38 ),( 0, 46 ),( 34, 38 ),( 37, 28 ),( 2, 31 ),( 11, 27 ),( 16, 6 ),( 15, 36 ),( 33, 0 ),( 15, 11 ),( 16, 41 ),( 11, 20 ),( 2, 16 ),( 37, 19 ),( 34, 9 ),( 0, 1 )
point : ( 13, 38 ) , order : 28
  ( 13, 38 ),( 37, 19 ),( 45, 31 ),( 11, 20 ),( 31, 6 ),( 15, 11 ),( 14, 0 ),( 15, 36 ),( 31, 41 ),( 11, 27 ),( 45, 16 ),( 37, 28 ),( 13, 9 ),( 0, 46 ),( 34, 9 ),( 10, 28 ),( 2, 16 ),( 36, 27 ),( 16, 41 ),( 32, 36 ),( 33, 0 ),( 32, 11 ),( 16, 6 ),( 36, 20 ),( 2, 31 ),( 10, 19 ),( 34, 38 ),( 0, 1 )
point : ( 14, 0 ) , order : 4
  ( 14, 0 ),( 0, 46 ),( 33, 0 ),( 0, 1 )
point : ( 15, 11 ) , order : 14
  ( 15, 11 ),( 37, 28 ),( 36, 27 ),( 36, 20 ),( 37, 19 ),( 15, 36 ),( 0, 46 ),( 32, 36 ),( 10, 19 ),( 11, 20 ),( 11, 27 ),( 10, 28 ),( 32, 11 ),( 0, 1 )
point : ( 15, 36 ) , order : 7
  ( 15, 36 ),( 10, 28 ),( 36, 20 ),( 11, 20 ),( 37, 28 ),( 32, 36 ),( 0, 1 )
point : ( 16, 6 ) , order : 28
  ( 16, 6 ),( 36, 27 ),( 13, 9 ),( 15, 36 ),( 45, 31 ),( 10, 19 ),( 33, 0 ),( 10, 28 ),( 45, 16 ),( 15, 11 ),( 13, 38 ),( 36, 20 ),( 16, 41 ),( 0, 46 ),( 31, 41 ),( 11, 20 ),( 34, 38 ),( 32, 11 ),( 2, 16 ),( 37, 28 ),( 14, 0 ),( 37, 19 ),( 2, 31 ),( 32, 36 ),( 34, 9 ),( 11, 27 ),( 31, 6 ),( 0, 1 )
point : ( 16, 41 ) , order : 28
  ( 16, 41 ),( 11, 27 ),( 13, 38 ),( 32, 36 ),( 45, 16 ),( 37, 19 ),( 33, 0 ),( 37, 28 ),( 45, 31 ),( 32, 11 ),( 13, 9 ),( 11, 20 ),( 16, 6 ),( 0, 46 ),( 31, 6 ),( 36, 20 ),( 34, 9 ),( 15, 11 ),( 2, 31 ),( 10, 28 ),( 14, 0 ),( 10, 19 ),( 2, 16 ),( 15, 36 ),( 34, 38 ),( 36, 27 ),( 31, 41 ),( 0, 1 )
point : ( 18, 12 ) , order : 56
  ( 18, 12 ),( 31, 6 ),( 19, 33 ),( 11, 27 ),( 23, 40 ),( 34, 9 ),( 12, 21 ),( 32, 36 ),( 43, 5 ),( 2, 31 ),( 39, 45 ),( 37, 19 ),( 27, 8 ),( 14, 0 ),( 27, 39 ),( 37, 28 ),( 39, 2 ),( 2, 16 ),( 43, 42 ),( 32, 11 ),( 12, 26 ),( 34, 38 ),( 23, 7 ),( 11, 20 ),( 19, 14 ),( 31, 41 ),( 18, 35 ),( 0, 46 ),( 29, 35 ),( 16, 41 ),( 28, 14 ),( 36, 20 ),( 24, 7 ),( 13, 38 ),( 35, 26 ),( 15, 11 ),( 4, 42 ),( 45, 16 ),( 8, 2 ),( 10, 28 ),( 20, 39 ),( 33, 0 ),( 20, 8 ),( 10, 19 ),( 8, 45 ),( 45, 31 ),( 4, 5 ),( 15, 36 ),( 35, 21 ),( 13, 9 ),( 24, 40 ),( 36, 27 ),( 28, 33 ),( 16, 6 ),( 29, 12 ),( 0, 1 )
point : ( 18, 35 ) , order : 56
  ( 18, 35 ),( 16, 6 ),( 19, 14 ),( 36, 27 ),( 23, 7 ),( 13, 9 ),( 12, 26 ),( 15, 36 ),( 43, 42 ),( 45, 31 ),( 39, 2 ),( 10, 19 ),( 27, 39 ),( 33, 0 ),( 27, 8 ),( 10, 28 ),( 39, 45 ),( 45, 16 ),( 43, 5 ),( 15, 11 ),( 12, 21 ),( 13, 38 ),( 23, 40 ),( 36, 20 ),( 19, 33 ),( 16, 41 ),( 18, 12 ),( 0, 46 ),( 29, 12 ),( 31, 41 ),( 28, 33 ),( 11, 20 ),( 24, 40 ),( 34, 38 ),( 35, 21 ),( 32, 11 ),( 4, 5 ),( 2, 16 ),( 8, 45 ),( 37, 28 ),( 20, 8 ),( 14, 0 ),( 20, 39 ),( 37, 19 ),( 8, 2 ),( 2, 31 ),( 4, 42 ),( 32, 36 ),( 35, 26 ),( 34, 9 ),( 24, 7 ),( 11, 27 ),( 28, 14 ),( 31, 6 ),( 29, 35 ),( 0, 1 )
point : ( 19, 14 ) , order : 56
  ( 19, 14 ),( 13, 9 ),( 43, 42 ),( 10, 19 ),( 27, 8 ),( 45, 16 ),( 12, 21 ),( 36, 20 ),( 18, 12 ),( 31, 41 ),( 24, 40 ),( 32, 11 ),( 8, 45 ),( 14, 0 ),( 8, 2 ),( 32, 36 ),( 24, 7 ),( 31, 6 ),( 18, 35 ),( 36, 27 ),( 12, 26 ),( 45, 31 ),( 27, 39 ),( 10, 28 ),( 43, 5 ),( 13, 38 ),( 19, 33 ),( 0, 46 ),( 28, 33 ),( 34, 38 ),( 4, 5 ),( 37, 28 ),( 20, 39 ),( 2, 31 ),( 35, 26 ),( 11, 27 ),( 29, 35 ),( 16, 6 ),( 23, 7 ),( 15, 36 ),( 39, 2 ),( 33, 0 ),( 39, 45 ),( 15, 11 ),( 23, 40 ),( 16, 41 ),( 29, 12 ),( 11, 20 ),( 35, 21 ),( 2, 16 ),( 20, 8 ),( 37, 19 ),( 4, 42 ),( 34, 9 ),( 28, 14 ),( 0, 1 )
point : ( 19, 33 ) , order : 56
  ( 19, 33 ),( 34, 9 ),( 43, 5 ),( 37, 19 ),( 27, 39 ),( 2, 16 ),( 12, 26 ),( 11, 20 ),( 18, 35 ),( 16, 41 ),( 24, 7 ),( 15, 11 ),( 8, 2 ),( 33, 0 ),( 8, 45 ),( 15, 36 ),( 24, 40 ),( 16, 6 ),( 18, 12 ),( 11, 27 ),( 12, 21 ),( 2, 31 ),( 27, 8 ),( 37, 28 ),( 43, 42 ),( 34, 38 ),( 19, 14 ),( 0, 46 ),( 28, 14 ),( 13, 38 ),( 4, 42 ),( 10, 28 ),( 20, 8 ),( 45, 31 ),( 35, 21 ),( 36, 27 ),( 29, 12 ),( 31, 6 ),( 23, 40 ),( 32, 36 ),( 39, 45 ),( 14, 0 ),( 39, 2 ),( 32, 11 ),( 23, 7 ),( 31, 41 ),( 29, 35 ),( 36, 20 ),( 35, 26 ),( 45, 16 ),( 20, 39 ),( 10, 19 ),( 4, 5 ),( 13, 9 ),( 28, 33 ),( 0, 1 )
point : ( 20, 8 ) , order : 56
  ( 20, 8 ),( 16, 41 ),( 39, 2 ),( 11, 27 ),( 4, 5 ),( 13, 38 ),( 12, 26 ),( 32, 36 ),( 24, 40 ),( 45, 16 ),( 19, 14 ),( 37, 19 ),( 29, 12 ),( 33, 0 ),( 29, 35 ),( 37, 28 ),( 19, 33 ),( 45, 31 ),( 24, 7 ),( 32, 11 ),( 12, 21 ),( 13, 9 ),( 4, 42 ),( 11, 20 ),( 39, 45 ),( 16, 6 ),( 20, 39 ),( 0, 46 ),( 27, 39 ),( 31, 6 ),( 8, 45 ),( 36, 20 ),( 43, 42 ),( 34, 9 ),( 35, 21 ),( 15, 11 ),( 23, 7 ),( 2, 31 ),( 28, 33 ),( 10, 28 ),( 18, 35 ),( 14, 0 ),( 18, 12 ),( 10, 19 ),( 28, 14 ),( 2, 16 ),( 23, 40 ),( 15, 36 ),( 35, 26 ),( 34, 38 ),( 43, 5 ),( 36, 27 ),( 8, 2 ),( 31, 41 ),( 27, 8 ),( 0, 1 )
point : ( 20, 39 ) , order : 56
  ( 20, 39 ),( 31, 41 ),( 39, 45 ),( 36, 27 ),( 4, 42 ),( 34, 38 ),( 12, 21 ),( 15, 36 ),( 24, 7 ),( 2, 16 ),( 19, 33 ),( 10, 19 ),( 29, 35 ),( 14, 0 ),( 29, 12 ),( 10, 28 ),( 19, 14 ),( 2, 31 ),( 24, 40 ),( 15, 11 ),( 12, 26 ),( 34, 9 ),( 4, 5 ),( 36, 20 ),( 39, 2 ),( 31, 6 ),( 20, 8 ),( 0, 46 ),( 27, 8 ),( 16, 6 ),( 8, 2 ),( 11, 20 ),( 43, 5 ),( 13, 9 ),( 35, 26 ),( 32, 11 ),( 23, 40 ),( 45, 31 ),( 28, 14 ),( 37, 28 ),( 18, 12 ),( 33, 0 ),( 18, 35 ),( 37, 19 ),( 28, 33 ),( 45, 16 ),( 23, 7 ),( 32, 36 ),( 35, 21 ),( 13, 38 ),( 43, 42 ),( 11, 27 ),( 8, 45 ),( 16, 41 ),( 27, 39 ),( 0, 1 )
point : ( 23, 7 ) , order : 56
  ( 23, 7 ),( 45, 31 ),( 27, 8 ),( 15, 11 ),( 19, 33 ),( 31, 41 ),( 35, 21 ),( 37, 28 ),( 8, 2 ),( 34, 9 ),( 29, 35 ),( 36, 27 ),( 43, 42 ),( 33, 0 ),( 43, 5 ),( 36, 20 ),( 29, 12 ),( 34, 38 ),( 8, 45 ),( 37, 19 ),( 35, 26 ),( 31, 6 ),( 19, 14 ),( 15, 36 ),( 27, 39 ),( 45, 16 ),( 23, 40 ),( 0, 46 ),( 24, 40 ),( 2, 16 ),( 20, 39 ),( 32, 36 ),( 28, 14 ),( 16, 6 ),( 12, 26 ),( 10, 19 ),( 39, 45 ),( 13, 38 ),( 18, 12 ),( 11, 20 ),( 4, 5 ),( 14, 0 ),( 4, 42 ),( 11, 27 ),( 18, 35 ),( 13, 9 ),( 39, 2 ),( 10, 28 ),( 12, 21 ),( 16, 41 ),( 28, 33 ),( 32, 11 ),( 20, 8 ),( 2, 31 ),( 24, 7 ),( 0, 1 )
point : ( 23, 40 ) , order : 56
  ( 23, 40 ),( 2, 31 ),( 27, 39 ),( 32, 11 ),( 19, 14 ),( 16, 41 ),( 35, 26 ),( 10, 28 ),( 8, 45 ),( 13, 9 ),( 29, 12 ),( 11, 27 ),( 43, 5 ),( 14, 0 ),( 43, 42 ),( 11, 20 ),( 29, 35 ),( 13, 38 ),( 8, 2 ),( 10, 19 ),( 35, 21 ),( 16, 6 ),( 19, 33 ),( 32, 36 ),( 27, 8 ),( 2, 16 ),( 23, 7 ),( 0, 46 ),( 24, 7 ),( 45, 16 ),( 20, 8 ),( 15, 36 ),( 28, 33 ),( 31, 6 ),( 12, 21 ),( 37, 19 ),( 39, 2 ),( 34, 38 ),( 18, 35 ),( 36, 20 ),( 4, 42 ),( 33, 0 ),( 4, 5 ),( 36, 27 ),( 18, 12 ),( 34, 9 ),( 39, 45 ),( 37, 28 ),( 12, 26 ),( 31, 41 ),( 28, 14 ),( 15, 11 ),( 20, 39 ),( 45, 31 ),( 24, 40 ),( 0, 1 )
point : ( 24, 7 ) , order : 56
  ( 24, 7 ),( 2, 31 ),( 20, 8 ),( 32, 11 ),( 28, 33 ),( 16, 41 ),( 12, 21 ),( 10, 28 ),( 39, 2 ),( 13, 9 ),( 18, 35 ),( 11, 27 ),( 4, 42 ),( 14, 0 ),( 4, 5 ),( 11, 20 ),( 18, 12 ),( 13, 38 ),( 39, 45 ),( 10, 19 ),( 12, 26 ),( 16, 6 ),( 28, 14 ),( 32, 36 ),( 20, 39 ),( 2, 16 ),( 24, 40 ),( 0, 46 ),( 23, 40 ),( 45, 16 ),( 27, 39 ),( 15, 36 ),( 19, 14 ),( 31, 6 ),( 35, 26 ),( 37, 19 ),( 8, 45 ),( 34, 38 ),( 29, 12 ),( 36, 20 ),( 43, 5 ),( 33, 0 ),( 43, 42 ),( 36, 27 ),( 29, 35 ),( 34, 9 ),( 8, 2 ),( 37, 28 ),( 35, 21 ),( 31, 41 ),( 19, 33 ),( 15, 11 ),( 27, 8 ),( 45, 31 ),( 23, 7 ),( 0, 1 )
point : ( 24, 40 ) , order : 56
  ( 24, 40 ),( 45, 31 ),( 20, 39 ),( 15, 11 ),( 28, 14 ),( 31, 41 ),( 12, 26 ),( 37, 28 ),( 39, 45 ),( 34, 9 ),( 18, 12 ),( 36, 27 ),( 4, 5 ),( 33, 0 ),( 4, 42 ),( 36, 20 ),( 18, 35 ),( 34, 38 ),( 39, 2 ),( 37, 19 ),( 12, 21 ),( 31, 6 ),( 28, 33 ),( 15, 36 ),( 20, 8 ),( 45, 16 ),( 24, 7 ),( 0, 46 ),( 23, 7 ),( 2, 16 ),( 27, 8 ),( 32, 36 ),( 19, 33 ),( 16, 6 ),( 35, 21 ),( 10, 19 ),( 8, 2 ),( 13, 38 ),( 29, 35 ),( 11, 20 ),( 43, 42 ),( 14, 0 ),( 43, 5 ),( 11, 27 ),( 29, 12 ),( 13, 9 ),( 8, 45 ),( 10, 28 ),( 35, 26 ),( 16, 41 ),( 19, 14 ),( 32, 11 ),( 27, 39 ),( 2, 31 ),( 23, 40 ),( 0, 1 )
point : ( 27, 8 ) , order : 56
  ( 27, 8 ),( 31, 41 ),( 8, 2 ),( 36, 27 ),( 43, 5 ),( 34, 38 ),( 35, 26 ),( 15, 36 ),( 23, 40 ),( 2, 16 ),( 28, 14 ),( 10, 19 ),( 18, 12 ),( 14, 0 ),( 18, 35 ),( 10, 28 ),( 28, 33 ),( 2, 31 ),( 23, 7 ),( 15, 11 ),( 35, 21 ),( 34, 9 ),( 43, 42 ),( 36, 20 ),( 8, 45 ),( 31, 6 ),( 27, 39 ),( 0, 46 ),( 20, 39 ),( 16, 6 ),( 39, 45 ),( 11, 20 ),( 4, 42 ),( 13, 9 ),( 12, 21 ),( 32, 11 ),( 24, 7 ),( 45, 31 ),( 19, 33 ),( 37, 28 ),( 29, 35 ),( 33, 0 ),( 29, 12 ),( 37, 19 ),( 19, 14 ),( 45, 16 ),( 24, 40 ),( 32, 36 ),( 12, 26 ),( 13, 38 ),( 4, 5 ),( 11, 27 ),( 39, 2 ),( 16, 41 ),( 20, 8 ),( 0, 1 )
point : ( 27, 39 ) , order : 56
  ( 27, 39 ),( 16, 41 ),( 8, 45 ),( 11, 27 ),( 43, 42 ),( 13, 38 ),( 35, 21 ),( 32, 36 ),( 23, 7 ),( 45, 16 ),( 28, 33 ),( 37, 19 ),( 18, 35 ),( 33, 0 ),( 18, 12 ),( 37, 28 ),( 28, 14 ),( 45, 31 ),( 23, 40 ),( 32, 11 ),( 35, 26 ),( 13, 9 ),( 43, 5 ),( 11, 20 ),( 8, 2 ),( 16, 6 ),( 27, 8 ),( 0, 46 ),( 20, 8 ),( 31, 6 ),( 39, 2 ),( 36, 20 ),( 4, 5 ),( 34, 9 ),( 12, 26 ),( 15, 11 ),( 24, 40 ),( 2, 31 ),( 19, 14 ),( 10, 28 ),( 29, 12 ),( 14, 0 ),( 29, 35 ),( 10, 19 ),( 19, 33 ),( 2, 16 ),( 24, 7 ),( 15, 36 ),( 12, 21 ),( 34, 38 ),( 4, 42 ),( 36, 27 ),( 39, 45 ),( 31, 41 ),( 20, 39 ),( 0, 1 )
point : ( 28, 14 ) , order : 56
  ( 28, 14 ),( 34, 9 ),( 4, 42 ),( 37, 19 ),( 20, 8 ),( 2, 16 ),( 35, 21 ),( 11, 20 ),( 29, 12 ),( 16, 41 ),( 23, 40 ),( 15, 11 ),( 39, 45 ),( 33, 0 ),( 39, 2 ),( 15, 36 ),( 23, 7 ),( 16, 6 ),( 29, 35 ),( 11, 27 ),( 35, 26 ),( 2, 31 ),( 20, 39 ),( 37, 28 ),( 4, 5 ),( 34, 38 ),( 28, 33 ),( 0, 46 ),( 19, 33 ),( 13, 38 ),( 43, 5 ),( 10, 28 ),( 27, 39 ),( 45, 31 ),( 12, 26 ),( 36, 27 ),( 18, 35 ),( 31, 6 ),( 24, 7 ),( 32, 36 ),( 8, 2 ),( 14, 0 ),( 8, 45 ),( 32, 11 ),( 24, 40 ),( 31, 41 ),( 18, 12 ),( 36, 20 ),( 12, 21 ),( 45, 16 ),( 27, 8 ),( 10, 19 ),( 43, 42 ),( 13, 9 ),( 19, 14 ),( 0, 1 )
point : ( 28, 33 ) , order : 56
  ( 28, 33 ),( 13, 9 ),( 4, 5 ),( 10, 19 ),( 20, 39 ),( 45, 16 ),( 35, 26 ),( 36, 20 ),( 29, 35 ),( 31, 41 ),( 23, 7 ),( 32, 11 ),( 39, 2 ),( 14, 0 ),( 39, 45 ),( 32, 36 ),( 23, 40 ),( 31, 6 ),( 29, 12 ),( 36, 27 ),( 35, 21 ),( 45, 31 ),( 20, 8 ),( 10, 28 ),( 4, 42 ),( 13, 38 ),( 28, 14 ),( 0, 46 ),( 19, 14 ),( 34, 38 ),( 43, 42 ),( 37, 28 ),( 27, 8 ),( 2, 31 ),( 12, 21 ),( 11, 27 ),( 18, 12 ),( 16, 6 ),( 24, 40 ),( 15, 36 ),( 8, 45 ),( 33, 0 ),( 8, 2 ),( 15, 11 ),( 24, 7 ),( 16, 41 ),( 18, 35 ),( 11, 20 ),( 12, 26 ),( 2, 16 ),( 27, 39 ),( 37, 19 ),( 43, 5 ),( 34, 9 ),( 19, 33 ),( 0, 1 )
point : ( 29, 12 ) , order : 56
  ( 29, 12 ),( 16, 6 ),( 28, 33 ),( 36, 27 ),( 24, 40 ),( 13, 9 ),( 35, 21 ),( 15, 36 ),( 4, 5 ),( 45, 31 ),( 8, 45 ),( 10, 19 ),( 20, 8 ),( 33, 0 ),( 20, 39 ),( 10, 28 ),( 8, 2 ),( 45, 16 ),( 4, 42 ),( 15, 11 ),( 35, 26 ),( 13, 38 ),( 24, 7 ),( 36, 20 ),( 28, 14 ),( 16, 41 ),( 29, 35 ),( 0, 46 ),( 18, 35 ),( 31, 41 ),( 19, 14 ),( 11, 20 ),( 23, 7 ),( 34, 38 ),( 12, 26 ),( 32, 11 ),( 43, 42 ),( 2, 16 ),( 39, 2 ),( 37, 28 ),( 27, 39 ),( 14, 0 ),( 27, 8 ),( 37, 19 ),( 39, 45 ),( 2, 31 ),( 43, 5 ),( 32, 36 ),( 12, 21 ),( 34, 9 ),( 23, 40 ),( 11, 27 ),( 19, 33 ),( 31, 6 ),( 18, 12 ),( 0, 1 )
point : ( 29, 35 ) , order : 56
  ( 29, 35 ),( 31, 6 ),( 28, 14 ),( 11, 27 ),( 24, 7 ),( 34, 9 ),( 35, 26 ),( 32, 36 ),( 4, 42 ),( 2, 31 ),( 8, 2 ),( 37, 19 ),( 20, 39 ),( 14, 0 ),( 20, 8 ),( 37, 28 ),( 8, 45 ),( 2, 16 ),( 4, 5 ),( 32, 11 ),( 35, 21 ),( 34, 38 ),( 24, 40 ),( 11, 20 ),( 28, 33 ),( 31, 41 ),( 29, 12 ),( 0, 46 ),( 18, 12 ),( 16, 41 ),( 19, 33 ),( 36, 20 ),( 23, 40 ),( 13, 38 ),( 12, 21 ),( 15, 11 ),( 43, 5 ),( 45, 16 ),( 39, 45 ),( 10, 28 ),( 27, 8 ),( 33, 0 ),( 27, 39 ),( 10, 19 ),( 39, 2 ),( 45, 31 ),( 43, 42 ),( 15, 36 ),( 12, 26 ),( 13, 9 ),( 23, 7 ),( 36, 27 ),( 19, 14 ),( 16, 6 ),( 18, 35 ),( 0, 1 )
point : ( 31, 6 ) , order : 28
  ( 31, 6 ),( 11, 27 ),( 34, 9 ),( 32, 36 ),( 2, 31 ),( 37, 19 ),( 14, 0 ),( 37, 28 ),( 2, 16 ),( 32, 11 ),( 34, 38 ),( 11, 20 ),( 31, 41 ),( 0, 46 ),( 16, 41 ),( 36, 20 ),( 13, 38 ),( 15, 11 ),( 45, 16 ),( 10, 28 ),( 33, 0 ),( 10, 19 ),( 45, 31 ),( 15, 36 ),( 13, 9 ),( 36, 27 ),( 16, 6 ),( 0, 1 )
point : ( 31, 41 ) , order : 28
  ( 31, 41 ),( 36, 27 ),( 34, 38 ),( 15, 36 ),( 2, 16 ),( 10, 19 ),( 14, 0 ),( 10, 28 ),( 2, 31 ),( 15, 11 ),( 34, 9 ),( 36, 20 ),( 31, 6 ),( 0, 46 ),( 16, 6 ),( 11, 20 ),( 13, 9 ),( 32, 11 ),( 45, 31 ),( 37, 28 ),( 33, 0 ),( 37, 19 ),( 45, 16 ),( 32, 36 ),( 13, 38 ),( 11, 27 ),( 16, 41 ),( 0, 1 )
point : ( 32, 11 ) , order : 14
  ( 32, 11 ),( 10, 28 ),( 11, 27 ),( 11, 20 ),( 10, 19 ),( 32, 36 ),( 0, 46 ),( 15, 36 ),( 37, 19 ),( 36, 20 ),( 36, 27 ),( 37, 28 ),( 15, 11 ),( 0, 1 )
point : ( 32, 36 ) , order : 7
  ( 32, 36 ),( 37, 28 ),( 11, 20 ),( 36, 20 ),( 10, 28 ),( 15, 36 ),( 0, 1 )
point : ( 33, 0 ) , order : 4
  ( 33, 0 ),( 0, 46 ),( 14, 0 ),( 0, 1 )
point : ( 34, 9 ) , order : 28
  ( 34, 9 ),( 37, 19 ),( 2, 16 ),( 11, 20 ),( 16, 41 ),( 15, 11 ),( 33, 0 ),( 15, 36 ),( 16, 6 ),( 11, 27 ),( 2, 31 ),( 37, 28 ),( 34, 38 ),( 0, 46 ),( 13, 38 ),( 10, 28 ),( 45, 31 ),( 36, 27 ),( 31, 6 ),( 32, 36 ),( 14, 0 ),( 32, 11 ),( 31, 41 ),( 36, 20 ),( 45, 16 ),( 10, 19 ),( 13, 9 ),( 0, 1 )
point : ( 34, 38 ) , order : 28
  ( 34, 38 ),( 10, 19 ),( 2, 31 ),( 36, 20 ),( 16, 6 ),( 32, 11 ),( 33, 0 ),( 32, 36 ),( 16, 41 ),( 36, 27 ),( 2, 16 ),( 10, 28 ),( 34, 9 ),( 0, 46 ),( 13, 9 ),( 37, 28 ),( 45, 16 ),( 11, 27 ),( 31, 41 ),( 15, 36 ),( 14, 0 ),( 15, 11 ),( 31, 6 ),( 11, 20 ),( 45, 31 ),( 37, 19 ),( 13, 38 ),( 0, 1 )
point : ( 35, 21 ) , order : 8
  ( 35, 21 ),( 33, 0 ),( 35, 26 ),( 0, 46 ),( 12, 26 ),( 14, 0 ),( 12, 21 ),( 0, 1 )
point : ( 35, 26 ) , order : 8
  ( 35, 26 ),( 14, 0 ),( 35, 21 ),( 0, 46 ),( 12, 21 ),( 33, 0 ),( 12, 26 ),( 0, 1 )
point : ( 36, 20 ) , order : 7
  ( 36, 20 ),( 32, 36 ),( 10, 28 ),( 37, 28 ),( 15, 36 ),( 11, 20 ),( 0, 1 )
point : ( 36, 27 ) , order : 14
  ( 36, 27 ),( 15, 36 ),( 10, 19 ),( 10, 28 ),( 15, 11 ),( 36, 20 ),( 0, 46 ),( 11, 20 ),( 32, 11 ),( 37, 28 ),( 37, 19 ),( 32, 36 ),( 11, 27 ),( 0, 1 )
point : ( 37, 19 ) , order : 14
  ( 37, 19 ),( 11, 20 ),( 15, 11 ),( 15, 36 ),( 11, 27 ),( 37, 28 ),( 0, 46 ),( 10, 28 ),( 36, 27 ),( 32, 36 ),( 32, 11 ),( 36, 20 ),( 10, 19 ),( 0, 1 )
point : ( 37, 28 ) , order : 7
  ( 37, 28 ),( 36, 20 ),( 15, 36 ),( 32, 36 ),( 11, 20 ),( 10, 28 ),( 0, 1 )
point : ( 39, 2 ) , order : 56
  ( 39, 2 ),( 13, 38 ),( 24, 40 ),( 37, 19 ),( 29, 35 ),( 45, 31 ),( 12, 21 ),( 11, 20 ),( 20, 39 ),( 31, 6 ),( 43, 42 ),( 15, 11 ),( 28, 33 ),( 14, 0 ),( 28, 14 ),( 15, 36 ),( 43, 5 ),( 31, 41 ),( 20, 8 ),( 11, 27 ),( 12, 26 ),( 45, 16 ),( 29, 12 ),( 37, 28 ),( 24, 7 ),( 13, 9 ),( 39, 45 ),( 0, 46 ),( 8, 45 ),( 34, 9 ),( 23, 7 ),( 10, 28 ),( 18, 12 ),( 2, 16 ),( 35, 26 ),( 36, 27 ),( 27, 8 ),( 16, 41 ),( 4, 5 ),( 32, 36 ),( 19, 14 ),( 33, 0 ),( 19, 33 ),( 32, 11 ),( 4, 42 ),( 16, 6 ),( 27, 39 ),( 36, 20 ),( 35, 21 ),( 2, 31 ),( 18, 35 ),( 10, 19 ),( 23, 40 ),( 34, 38 ),( 8, 2 ),( 0, 1 )
point : ( 39, 45 ) , order : 56
  ( 39, 45 ),( 34, 38 ),( 24, 7 ),( 10, 19 ),( 29, 12 ),( 2, 31 ),( 12, 26 ),( 36, 20 ),( 20, 8 ),( 16, 6 ),( 43, 5 ),( 32, 11 ),( 28, 14 ),( 33, 0 ),( 28, 33 ),( 32, 36 ),( 43, 42 ),( 16, 41 ),( 20, 39 ),( 36, 27 ),( 12, 21 ),( 2, 16 ),( 29, 35 ),( 10, 28 ),( 24, 40 ),( 34, 9 ),( 39, 2 ),( 0, 46 ),( 8, 2 ),( 13, 9 ),( 23, 40 ),( 37, 28 ),( 18, 35 ),( 45, 16 ),( 35, 21 ),( 11, 27 ),( 27, 39 ),( 31, 41 ),( 4, 42 ),( 15, 36 ),( 19, 33 ),( 14, 0 ),( 19, 14 ),( 15, 11 ),( 4, 5 ),( 31, 6 ),( 27, 8 ),( 11, 20 ),( 35, 26 ),( 45, 31 ),( 18, 12 ),( 37, 19 ),( 23, 7 ),( 13, 38 ),( 8, 45 ),( 0, 1 )
point : ( 43, 5 ) , order : 56
  ( 43, 5 ),( 2, 16 ),( 18, 35 ),( 15, 11 ),( 8, 45 ),( 16, 6 ),( 12, 21 ),( 37, 28 ),( 19, 14 ),( 13, 38 ),( 20, 8 ),( 36, 27 ),( 23, 40 ),( 14, 0 ),( 23, 7 ),( 36, 20 ),( 20, 39 ),( 13, 9 ),( 19, 33 ),( 37, 19 ),( 12, 26 ),( 16, 41 ),( 8, 2 ),( 15, 36 ),( 18, 12 ),( 2, 31 ),( 43, 42 ),( 0, 46 ),( 4, 42 ),( 45, 31 ),( 29, 12 ),( 32, 36 ),( 39, 2 ),( 31, 41 ),( 35, 26 ),( 10, 19 ),( 28, 33 ),( 34, 9 ),( 27, 39 ),( 11, 20 ),( 24, 7 ),( 33, 0 ),( 24, 40 ),( 11, 27 ),( 27, 8 ),( 34, 38 ),( 28, 14 ),( 10, 28 ),( 35, 21 ),( 31, 6 ),( 39, 45 ),( 32, 11 ),( 29, 35 ),( 45, 16 ),( 4, 5 ),( 0, 1 )
point : ( 43, 42 ) , order : 56
  ( 43, 42 ),( 45, 16 ),( 18, 12 ),( 32, 11 ),( 8, 2 ),( 31, 6 ),( 12, 26 ),( 10, 28 ),( 19, 33 ),( 34, 38 ),( 20, 39 ),( 11, 27 ),( 23, 7 ),( 33, 0 ),( 23, 40 ),( 11, 20 ),( 20, 8 ),( 34, 9 ),( 19, 14 ),( 10, 19 ),( 12, 21 ),( 31, 41 ),( 8, 45 ),( 32, 36 ),( 18, 35 ),( 45, 31 ),( 43, 5 ),( 0, 46 ),( 4, 5 ),( 2, 31 ),( 29, 35 ),( 15, 36 ),( 39, 45 ),( 16, 41 ),( 35, 21 ),( 37, 19 ),( 28, 14 ),( 13, 9 ),( 27, 8 ),( 36, 20 ),( 24, 40 ),( 14, 0 ),( 24, 7 ),( 36, 27 ),( 27, 39 ),( 13, 38 ),( 28, 33 ),( 37, 28 ),( 35, 26 ),( 16, 6 ),( 39, 2 ),( 15, 11 ),( 29, 12 ),( 2, 16 ),( 4, 42 ),( 0, 1 )
point : ( 45, 16 ) , order : 28
  ( 45, 16 ),( 32, 11 ),( 31, 6 ),( 10, 28 ),( 34, 38 ),( 11, 27 ),( 33, 0 ),( 11, 20 ),( 34, 9 ),( 10, 19 ),( 31, 41 ),( 32, 36 ),( 45, 31 ),( 0, 46 ),( 2, 31 ),( 15, 36 ),( 16, 41 ),( 37, 19 ),( 13, 9 ),( 36, 20 ),( 14, 0 ),( 36, 27 ),( 13, 38 ),( 37, 28 ),( 16, 6 ),( 15, 11 ),( 2, 16 ),( 0, 1 )
point : ( 45, 31 ) , order : 28
  ( 45, 31 ),( 15, 11 ),( 31, 41 ),( 37, 28 ),( 34, 9 ),( 36, 27 ),( 33, 0 ),( 36, 20 ),( 34, 38 ),( 37, 19 ),( 31, 6 ),( 15, 36 ),( 45, 16 ),( 0, 46 ),( 2, 16 ),( 32, 36 ),( 16, 6 ),( 10, 19 ),( 13, 38 ),( 11, 20 ),( 14, 0 ),( 11, 27 ),( 13, 9 ),( 10, 28 ),( 16, 41 ),( 32, 11 ),( 2, 31 ),( 0, 1 )
