素数 : 47
d : 5
a : 4
平方テーブル : {1=>1,
 2=>4,
 3=>9,
 4=>16,
 5=>25,
 6=>36,
 7=>2,
 8=>17,
 9=>34,
 10=>6,
 11=>27,
 12=>3,
 13=>28,
 14=>8,
 15=>37,
 16=>21,
 17=>7,
 18=>42,
 19=>32,
 20=>24,
 21=>18,
 22=>14,
 23=>12,
 24=>12,
 25=>14,
 26=>18,
 27=>24,
 28=>32,
 29=>42,
 30=>7,
 31=>21,
 32=>37,
 33=>8,
 34=>28,
 35=>3,
 36=>27,
 37=>6,
 38=>34,
 39=>17,
 40=>2,
 41=>36,
 42=>25,
 43=>16,
 44=>9,
 45=>4,
 46=>1}
平方根テーブル : [[1, [1, 46]],
 [2, [7, 40]],
 [3, [12, 35]],
 [4, [2, 45]],
 [6, [10, 37]],
 [7, [17, 30]],
 [8, [14, 33]],
 [9, [3, 44]],
 [12, [23, 24]],
 [14, [22, 25]],
 [16, [4, 43]],
 [17, [8, 39]],
 [18, [21, 26]],
 [21, [16, 31]],
 [24, [20, 27]],
 [25, [5, 42]],
 [27, [11, 36]],
 [28, [13, 34]],
 [32, [19, 28]],
 [34, [9, 38]],
 [36, [6, 41]],
 [37, [15, 32]],
 [42, [18, 29]]]
非平方剰余数(d候補) : [5,
 10,
 11,
 13,
 15,
 19,
 20,
 22,
 23,
 26,
 29,
 30,
 31,
 33,
 35,
 38,
 39,
 40,
 41,
 43,
 44,
 45,
 46]
逆数テーブル : {1=>1,
 2=>24,
 3=>16,
 4=>12,
 5=>19,
 6=>8,
 7=>27,
 8=>6,
 9=>21,
 10=>33,
 11=>30,
 12=>4,
 13=>29,
 14=>37,
 15=>22,
 16=>3,
 17=>36,
 18=>34,
 19=>5,
 20=>40,
 21=>9,
 22=>15,
 23=>45,
 24=>2,
 25=>32,
 26=>38,
 27=>7,
 28=>42,
 29=>13,
 30=>11,
 31=>44,
 32=>25,
 33=>10,
 34=>18,
 35=>43,
 36=>17,
 37=>14,
 38=>26,
 39=>41,
 40=>20,
 41=>39,
 42=>28,
 43=>35,
 44=>31,
 45=>23,
 46=>46}
曲線上の点 : [
 ( 0, 1 ),
 ( 0, 46 ),
 ( 1, 6 ),
 ( 1, 41 ),
 ( 2, 13 ),
 ( 2, 34 ),
 ( 3, 2 ),
 ( 3, 45 ),
 ( 4, 20 ),
 ( 4, 27 ),
 ( 5, 14 ),
 ( 5, 33 ),
 ( 7, 10 ),
 ( 7, 37 ),
 ( 10, 8 ),
 ( 10, 39 ),
 ( 11, 5 ),
 ( 11, 42 ),
 ( 14, 7 ),
 ( 14, 40 ),
 ( 17, 4 ),
 ( 17, 43 ),
 ( 20, 19 ),
 ( 20, 28 ),
 ( 21, 22 ),
 ( 21, 25 ),
 ( 23, 0 ),
 ( 24, 0 ),
 ( 26, 22 ),
 ( 26, 25 ),
 ( 27, 19 ),
 ( 27, 28 ),
 ( 30, 4 ),
 ( 30, 43 ),
 ( 33, 7 ),
 ( 33, 40 ),
 ( 36, 5 ),
 ( 36, 42 ),
 ( 37, 8 ),
 ( 37, 39 ),
 ( 40, 10 ),
 ( 40, 37 ),
 ( 42, 14 ),
 ( 42, 33 ),
 ( 43, 20 ),
 ( 43, 27 ),
 ( 44, 2 ),
 ( 44, 45 ),
 ( 45, 13 ),
 ( 45, 34 ),
 ( 46, 6 ),
 ( 46, 41 ),
]
各点をベースポイントとして加算した点 :
point : ( 0, 1 ) , order : 1
  ( 0, 1 )
point : ( 0, 46 ) , order : 2
  ( 0, 46 ),( 0, 1 )
point : ( 1, 6 ) , order : 52
  ( 1, 6 ),( 5, 14 ),( 17, 4 ),( 10, 39 ),( 21, 25 ),( 33, 7 ),( 20, 28 ),( 11, 5 ),( 4, 27 ),( 45, 13 ),( 40, 37 ),( 44, 45 ),( 23, 0 ),( 44, 2 ),( 40, 10 ),( 45, 34 ),( 4, 20 ),( 11, 42 ),( 20, 19 ),( 33, 40 ),( 21, 22 ),( 10, 8 ),( 17, 43 ),( 5, 33 ),( 1, 41 ),( 0, 46 ),( 46, 41 ),( 42, 33 ),( 30, 43 ),( 37, 8 ),( 26, 22 ),( 14, 40 ),( 27, 19 ),( 36, 42 ),( 43, 20 ),( 2, 34 ),( 7, 10 ),( 3, 2 ),( 24, 0 ),( 3, 45 ),( 7, 37 ),( 2, 13 ),( 43, 27 ),( 36, 5 ),( 27, 28 ),( 14, 7 ),( 26, 25 ),( 37, 39 ),( 30, 4 ),( 42, 14 ),( 46, 6 ),( 0, 1 )
point : ( 1, 41 ) , order : 52
  ( 1, 41 ),( 42, 14 ),( 17, 43 ),( 37, 39 ),( 21, 22 ),( 14, 7 ),( 20, 19 ),( 36, 5 ),( 4, 20 ),( 2, 13 ),( 40, 10 ),( 3, 45 ),( 23, 0 ),( 3, 2 ),( 40, 37 ),( 2, 34 ),( 4, 27 ),( 36, 42 ),( 20, 28 ),( 14, 40 ),( 21, 25 ),( 37, 8 ),( 17, 4 ),( 42, 33 ),( 1, 6 ),( 0, 46 ),( 46, 6 ),( 5, 33 ),( 30, 4 ),( 10, 8 ),( 26, 25 ),( 33, 40 ),( 27, 28 ),( 11, 42 ),( 43, 27 ),( 45, 34 ),( 7, 37 ),( 44, 2 ),( 24, 0 ),( 44, 45 ),( 7, 10 ),( 45, 13 ),( 43, 20 ),( 11, 5 ),( 27, 19 ),( 33, 7 ),( 26, 22 ),( 10, 39 ),( 30, 43 ),( 5, 14 ),( 46, 41 ),( 0, 1 )
point : ( 2, 13 ) , order : 26
  ( 2, 13 ),( 14, 40 ),( 10, 8 ),( 44, 45 ),( 5, 14 ),( 36, 5 ),( 36, 42 ),( 5, 33 ),( 44, 2 ),( 10, 39 ),( 14, 7 ),( 2, 34 ),( 0, 46 ),( 45, 34 ),( 33, 7 ),( 37, 39 ),( 3, 2 ),( 42, 33 ),( 11, 42 ),( 11, 5 ),( 42, 14 ),( 3, 45 ),( 37, 8 ),( 33, 40 ),( 45, 13 ),( 0, 1 )
point : ( 2, 34 ) , order : 13
  ( 2, 34 ),( 33, 40 ),( 10, 39 ),( 3, 45 ),( 5, 33 ),( 11, 5 ),( 36, 5 ),( 42, 33 ),( 44, 45 ),( 37, 39 ),( 14, 40 ),( 45, 34 ),( 0, 1 )
point : ( 3, 2 ) , order : 26
  ( 3, 2 ),( 5, 33 ),( 45, 13 ),( 37, 39 ),( 36, 42 ),( 33, 40 ),( 33, 7 ),( 36, 5 ),( 37, 8 ),( 45, 34 ),( 5, 14 ),( 3, 45 ),( 0, 46 ),( 44, 45 ),( 42, 14 ),( 2, 34 ),( 10, 8 ),( 11, 5 ),( 14, 7 ),( 14, 40 ),( 11, 42 ),( 10, 39 ),( 2, 13 ),( 42, 33 ),( 44, 2 ),( 0, 1 )
point : ( 3, 45 ) , order : 13
  ( 3, 45 ),( 42, 33 ),( 45, 34 ),( 10, 39 ),( 36, 5 ),( 14, 40 ),( 33, 40 ),( 11, 5 ),( 37, 39 ),( 2, 34 ),( 5, 33 ),( 44, 45 ),( 0, 1 )
point : ( 4, 20 ) , order : 52
  ( 4, 20 ),( 36, 42 ),( 46, 6 ),( 45, 34 ),( 27, 19 ),( 42, 14 ),( 40, 10 ),( 14, 40 ),( 30, 4 ),( 44, 2 ),( 26, 22 ),( 37, 39 ),( 23, 0 ),( 37, 8 ),( 26, 25 ),( 44, 45 ),( 30, 43 ),( 14, 7 ),( 40, 37 ),( 42, 33 ),( 27, 28 ),( 45, 13 ),( 46, 41 ),( 36, 5 ),( 4, 27 ),( 0, 46 ),( 43, 27 ),( 11, 5 ),( 1, 41 ),( 2, 13 ),( 20, 28 ),( 5, 33 ),( 7, 37 ),( 33, 7 ),( 17, 43 ),( 3, 45 ),( 21, 25 ),( 10, 8 ),( 24, 0 ),( 10, 39 ),( 21, 22 ),( 3, 2 ),( 17, 4 ),( 33, 40 ),( 7, 10 ),( 5, 14 ),( 20, 19 ),( 2, 34 ),( 1, 6 ),( 11, 42 ),( 43, 20 ),( 0, 1 )
point : ( 4, 27 ) , order : 52
  ( 4, 27 ),( 11, 42 ),( 46, 41 ),( 2, 34 ),( 27, 28 ),( 5, 14 ),( 40, 37 ),( 33, 40 ),( 30, 43 ),( 3, 2 ),( 26, 25 ),( 10, 39 ),( 23, 0 ),( 10, 8 ),( 26, 22 ),( 3, 45 ),( 30, 4 ),( 33, 7 ),( 40, 10 ),( 5, 33 ),( 27, 19 ),( 2, 13 ),( 46, 6 ),( 11, 5 ),( 4, 20 ),( 0, 46 ),( 43, 20 ),( 36, 5 ),( 1, 6 ),( 45, 13 ),( 20, 19 ),( 42, 33 ),( 7, 10 ),( 14, 7 ),( 17, 4 ),( 44, 45 ),( 21, 22 ),( 37, 8 ),( 24, 0 ),( 37, 39 ),( 21, 25 ),( 44, 2 ),( 17, 43 ),( 14, 40 ),( 7, 37 ),( 42, 14 ),( 20, 28 ),( 45, 34 ),( 1, 41 ),( 36, 42 ),( 43, 27 ),( 0, 1 )
point : ( 5, 14 ) , order : 26
  ( 5, 14 ),( 10, 39 ),( 33, 7 ),( 11, 5 ),( 45, 13 ),( 44, 45 ),( 44, 2 ),( 45, 34 ),( 11, 42 ),( 33, 40 ),( 10, 8 ),( 5, 33 ),( 0, 46 ),( 42, 33 ),( 37, 8 ),( 14, 40 ),( 36, 42 ),( 2, 34 ),( 3, 2 ),( 3, 45 ),( 2, 13 ),( 36, 5 ),( 14, 7 ),( 37, 39 ),( 42, 14 ),( 0, 1 )
point : ( 5, 33 ) , order : 13
  ( 5, 33 ),( 37, 39 ),( 33, 40 ),( 36, 5 ),( 45, 34 ),( 3, 45 ),( 44, 45 ),( 2, 34 ),( 11, 5 ),( 14, 40 ),( 10, 39 ),( 42, 33 ),( 0, 1 )
point : ( 7, 10 ) , order : 52
  ( 7, 10 ),( 10, 8 ),( 20, 28 ),( 36, 5 ),( 30, 43 ),( 44, 2 ),( 46, 6 ),( 2, 34 ),( 21, 22 ),( 33, 7 ),( 43, 27 ),( 42, 33 ),( 23, 0 ),( 42, 14 ),( 43, 20 ),( 33, 40 ),( 21, 25 ),( 2, 13 ),( 46, 41 ),( 44, 45 ),( 30, 4 ),( 36, 42 ),( 20, 19 ),( 10, 39 ),( 7, 37 ),( 0, 46 ),( 40, 37 ),( 37, 39 ),( 27, 19 ),( 11, 42 ),( 17, 4 ),( 3, 45 ),( 1, 41 ),( 45, 13 ),( 26, 25 ),( 14, 40 ),( 4, 20 ),( 5, 14 ),( 24, 0 ),( 5, 33 ),( 4, 27 ),( 14, 7 ),( 26, 22 ),( 45, 34 ),( 1, 6 ),( 3, 2 ),( 17, 43 ),( 11, 5 ),( 27, 28 ),( 37, 8 ),( 40, 10 ),( 0, 1 )
point : ( 7, 37 ) , order : 52
  ( 7, 37 ),( 37, 8 ),( 20, 19 ),( 11, 5 ),( 30, 4 ),( 3, 2 ),( 46, 41 ),( 45, 34 ),( 21, 25 ),( 14, 7 ),( 43, 20 ),( 5, 33 ),( 23, 0 ),( 5, 14 ),( 43, 27 ),( 14, 40 ),( 21, 22 ),( 45, 13 ),( 46, 6 ),( 3, 45 ),( 30, 43 ),( 11, 42 ),( 20, 28 ),( 37, 39 ),( 7, 10 ),( 0, 46 ),( 40, 10 ),( 10, 39 ),( 27, 28 ),( 36, 42 ),( 17, 43 ),( 44, 45 ),( 1, 6 ),( 2, 13 ),( 26, 22 ),( 33, 40 ),( 4, 27 ),( 42, 14 ),( 24, 0 ),( 42, 33 ),( 4, 20 ),( 33, 7 ),( 26, 25 ),( 2, 34 ),( 1, 41 ),( 44, 2 ),( 17, 4 ),( 36, 5 ),( 27, 19 ),( 10, 8 ),( 40, 37 ),( 0, 1 )
point : ( 10, 8 ) , order : 26
  ( 10, 8 ),( 36, 5 ),( 44, 2 ),( 2, 34 ),( 33, 7 ),( 42, 33 ),( 42, 14 ),( 33, 40 ),( 2, 13 ),( 44, 45 ),( 36, 42 ),( 10, 39 ),( 0, 46 ),( 37, 39 ),( 11, 42 ),( 3, 45 ),( 45, 13 ),( 14, 40 ),( 5, 14 ),( 5, 33 ),( 14, 7 ),( 45, 34 ),( 3, 2 ),( 11, 5 ),( 37, 8 ),( 0, 1 )
point : ( 10, 39 ) , order : 13
  ( 10, 39 ),( 11, 5 ),( 44, 45 ),( 45, 34 ),( 33, 40 ),( 5, 33 ),( 42, 33 ),( 14, 40 ),( 2, 34 ),( 3, 45 ),( 36, 5 ),( 37, 39 ),( 0, 1 )
point : ( 11, 5 ) , order : 13
  ( 11, 5 ),( 45, 34 ),( 5, 33 ),( 14, 40 ),( 3, 45 ),( 37, 39 ),( 10, 39 ),( 44, 45 ),( 33, 40 ),( 42, 33 ),( 2, 34 ),( 36, 5 ),( 0, 1 )
point : ( 11, 42 ) , order : 26
  ( 11, 42 ),( 2, 34 ),( 5, 14 ),( 33, 40 ),( 3, 2 ),( 10, 39 ),( 10, 8 ),( 3, 45 ),( 33, 7 ),( 5, 33 ),( 2, 13 ),( 11, 5 ),( 0, 46 ),( 36, 5 ),( 45, 13 ),( 42, 33 ),( 14, 7 ),( 44, 45 ),( 37, 8 ),( 37, 39 ),( 44, 2 ),( 14, 40 ),( 42, 14 ),( 45, 34 ),( 36, 42 ),( 0, 1 )
point : ( 14, 7 ) , order : 26
  ( 14, 7 ),( 3, 45 ),( 36, 42 ),( 42, 33 ),( 10, 8 ),( 45, 34 ),( 45, 13 ),( 10, 39 ),( 42, 14 ),( 36, 5 ),( 3, 2 ),( 14, 40 ),( 0, 46 ),( 33, 40 ),( 44, 2 ),( 11, 5 ),( 5, 14 ),( 37, 39 ),( 2, 13 ),( 2, 34 ),( 37, 8 ),( 5, 33 ),( 11, 42 ),( 44, 45 ),( 33, 7 ),( 0, 1 )
point : ( 14, 40 ) , order : 13
  ( 14, 40 ),( 44, 45 ),( 36, 5 ),( 5, 33 ),( 10, 39 ),( 2, 34 ),( 45, 34 ),( 37, 39 ),( 42, 33 ),( 11, 5 ),( 3, 45 ),( 33, 40 ),( 0, 1 )
point : ( 17, 4 ) , order : 52
  ( 17, 4 ),( 33, 7 ),( 4, 27 ),( 44, 45 ),( 40, 10 ),( 11, 42 ),( 21, 22 ),( 5, 33 ),( 46, 41 ),( 37, 8 ),( 27, 19 ),( 2, 34 ),( 24, 0 ),( 2, 13 ),( 27, 28 ),( 37, 39 ),( 46, 6 ),( 5, 14 ),( 21, 25 ),( 11, 5 ),( 40, 37 ),( 44, 2 ),( 4, 20 ),( 33, 40 ),( 17, 43 ),( 0, 46 ),( 30, 43 ),( 14, 40 ),( 43, 20 ),( 3, 2 ),( 7, 37 ),( 36, 5 ),( 26, 25 ),( 42, 14 ),( 1, 6 ),( 10, 39 ),( 20, 28 ),( 45, 13 ),( 23, 0 ),( 45, 34 ),( 20, 19 ),( 10, 8 ),( 1, 41 ),( 42, 33 ),( 26, 22 ),( 36, 42 ),( 7, 10 ),( 3, 45 ),( 43, 27 ),( 14, 7 ),( 30, 4 ),( 0, 1 )
point : ( 17, 43 ) , order : 52
  ( 17, 43 ),( 14, 7 ),( 4, 20 ),( 3, 45 ),( 40, 37 ),( 36, 42 ),( 21, 25 ),( 42, 33 ),( 46, 6 ),( 10, 8 ),( 27, 28 ),( 45, 34 ),( 24, 0 ),( 45, 13 ),( 27, 19 ),( 10, 39 ),( 46, 41 ),( 42, 14 ),( 21, 22 ),( 36, 5 ),( 40, 10 ),( 3, 2 ),( 4, 27 ),( 14, 40 ),( 17, 4 ),( 0, 46 ),( 30, 4 ),( 33, 40 ),( 43, 27 ),( 44, 2 ),( 7, 10 ),( 11, 5 ),( 26, 22 ),( 5, 14 ),( 1, 41 ),( 37, 39 ),( 20, 19 ),( 2, 13 ),( 23, 0 ),( 2, 34 ),( 20, 28 ),( 37, 8 ),( 1, 6 ),( 5, 33 ),( 26, 25 ),( 11, 42 ),( 7, 37 ),( 44, 45 ),( 43, 20 ),( 33, 7 ),( 30, 43 ),( 0, 1 )
point : ( 20, 19 ) , order : 52
  ( 20, 19 ),( 3, 2 ),( 21, 25 ),( 5, 33 ),( 43, 27 ),( 45, 13 ),( 30, 43 ),( 37, 39 ),( 40, 10 ),( 36, 42 ),( 1, 6 ),( 33, 40 ),( 24, 0 ),( 33, 7 ),( 1, 41 ),( 36, 5 ),( 40, 37 ),( 37, 8 ),( 30, 4 ),( 45, 34 ),( 43, 20 ),( 5, 14 ),( 21, 22 ),( 3, 45 ),( 20, 28 ),( 0, 46 ),( 27, 28 ),( 44, 45 ),( 26, 22 ),( 42, 14 ),( 4, 20 ),( 2, 34 ),( 17, 4 ),( 10, 8 ),( 7, 37 ),( 11, 5 ),( 46, 41 ),( 14, 7 ),( 23, 0 ),( 14, 40 ),( 46, 6 ),( 11, 42 ),( 7, 10 ),( 10, 39 ),( 17, 43 ),( 2, 13 ),( 4, 27 ),( 42, 33 ),( 26, 25 ),( 44, 2 ),( 27, 19 ),( 0, 1 )
point : ( 20, 28 ) , order : 52
  ( 20, 28 ),( 44, 2 ),( 21, 22 ),( 42, 33 ),( 43, 20 ),( 2, 13 ),( 30, 4 ),( 10, 39 ),( 40, 37 ),( 11, 42 ),( 1, 41 ),( 14, 40 ),( 24, 0 ),( 14, 7 ),( 1, 6 ),( 11, 5 ),( 40, 10 ),( 10, 8 ),( 30, 43 ),( 2, 34 ),( 43, 27 ),( 42, 14 ),( 21, 25 ),( 44, 45 ),( 20, 19 ),( 0, 46 ),( 27, 19 ),( 3, 45 ),( 26, 25 ),( 5, 14 ),( 4, 27 ),( 45, 34 ),( 17, 43 ),( 37, 8 ),( 7, 10 ),( 36, 5 ),( 46, 6 ),( 33, 7 ),( 23, 0 ),( 33, 40 ),( 46, 41 ),( 36, 42 ),( 7, 37 ),( 37, 39 ),( 17, 4 ),( 45, 13 ),( 4, 20 ),( 5, 33 ),( 26, 22 ),( 3, 2 ),( 27, 28 ),( 0, 1 )
point : ( 21, 22 ) , order : 52
  ( 21, 22 ),( 2, 13 ),( 40, 37 ),( 14, 40 ),( 1, 6 ),( 10, 8 ),( 43, 27 ),( 44, 45 ),( 27, 19 ),( 5, 14 ),( 17, 43 ),( 36, 5 ),( 23, 0 ),( 36, 42 ),( 17, 4 ),( 5, 33 ),( 27, 28 ),( 44, 2 ),( 43, 20 ),( 10, 39 ),( 1, 41 ),( 14, 7 ),( 40, 10 ),( 2, 34 ),( 21, 25 ),( 0, 46 ),( 26, 25 ),( 45, 34 ),( 7, 10 ),( 33, 7 ),( 46, 41 ),( 37, 39 ),( 4, 20 ),( 3, 2 ),( 20, 28 ),( 42, 33 ),( 30, 4 ),( 11, 42 ),( 24, 0 ),( 11, 5 ),( 30, 43 ),( 42, 14 ),( 20, 19 ),( 3, 45 ),( 4, 27 ),( 37, 8 ),( 46, 6 ),( 33, 40 ),( 7, 37 ),( 45, 13 ),( 26, 22 ),( 0, 1 )
point : ( 21, 25 ) , order : 52
  ( 21, 25 ),( 45, 13 ),( 40, 10 ),( 33, 40 ),( 1, 41 ),( 37, 8 ),( 43, 20 ),( 3, 45 ),( 27, 28 ),( 42, 14 ),( 17, 4 ),( 11, 5 ),( 23, 0 ),( 11, 42 ),( 17, 43 ),( 42, 33 ),( 27, 19 ),( 3, 2 ),( 43, 27 ),( 37, 39 ),( 1, 6 ),( 33, 7 ),( 40, 37 ),( 45, 34 ),( 21, 22 ),( 0, 46 ),( 26, 22 ),( 2, 34 ),( 7, 37 ),( 14, 7 ),( 46, 6 ),( 10, 39 ),( 4, 27 ),( 44, 2 ),( 20, 19 ),( 5, 33 ),( 30, 43 ),( 36, 42 ),( 24, 0 ),( 36, 5 ),( 30, 4 ),( 5, 14 ),( 20, 28 ),( 44, 45 ),( 4, 20 ),( 10, 8 ),( 46, 41 ),( 14, 40 ),( 7, 10 ),( 2, 13 ),( 26, 25 ),( 0, 1 )
point : ( 23, 0 ) , order : 4
  ( 23, 0 ),( 0, 46 ),( 24, 0 ),( 0, 1 )
point : ( 24, 0 ) , order : 4
  ( 24, 0 ),( 0, 46 ),( 23, 0 ),( 0, 1 )
point : ( 26, 22 ) , order : 52
  ( 26, 22 ),( 45, 13 ),( 7, 37 ),( 33, 40 ),( 46, 6 ),( 37, 8 ),( 4, 27 ),( 3, 45 ),( 20, 19 ),( 42, 14 ),( 30, 43 ),( 11, 5 ),( 24, 0 ),( 11, 42 ),( 30, 4 ),( 42, 33 ),( 20, 28 ),( 3, 2 ),( 4, 20 ),( 37, 39 ),( 46, 41 ),( 33, 7 ),( 7, 10 ),( 45, 34 ),( 26, 25 ),( 0, 46 ),( 21, 25 ),( 2, 34 ),( 40, 10 ),( 14, 7 ),( 1, 41 ),( 10, 39 ),( 43, 20 ),( 44, 2 ),( 27, 28 ),( 5, 33 ),( 17, 4 ),( 36, 42 ),( 23, 0 ),( 36, 5 ),( 17, 43 ),( 5, 14 ),( 27, 19 ),( 44, 45 ),( 43, 27 ),( 10, 8 ),( 1, 6 ),( 14, 40 ),( 40, 37 ),( 2, 13 ),( 21, 22 ),( 0, 1 )
point : ( 26, 25 ) , order : 52
  ( 26, 25 ),( 2, 13 ),( 7, 10 ),( 14, 40 ),( 46, 41 ),( 10, 8 ),( 4, 20 ),( 44, 45 ),( 20, 28 ),( 5, 14 ),( 30, 4 ),( 36, 5 ),( 24, 0 ),( 36, 42 ),( 30, 43 ),( 5, 33 ),( 20, 19 ),( 44, 2 ),( 4, 27 ),( 10, 39 ),( 46, 6 ),( 14, 7 ),( 7, 37 ),( 2, 34 ),( 26, 22 ),( 0, 46 ),( 21, 22 ),( 45, 34 ),( 40, 37 ),( 33, 7 ),( 1, 6 ),( 37, 39 ),( 43, 27 ),( 3, 2 ),( 27, 19 ),( 42, 33 ),( 17, 43 ),( 11, 42 ),( 23, 0 ),( 11, 5 ),( 17, 4 ),( 42, 14 ),( 27, 28 ),( 3, 45 ),( 43, 20 ),( 37, 8 ),( 1, 41 ),( 33, 40 ),( 40, 10 ),( 45, 13 ),( 21, 25 ),( 0, 1 )
point : ( 27, 19 ) , order : 52
  ( 27, 19 ),( 44, 2 ),( 26, 25 ),( 42, 33 ),( 4, 27 ),( 2, 13 ),( 17, 43 ),( 10, 39 ),( 7, 10 ),( 11, 42 ),( 46, 6 ),( 14, 40 ),( 23, 0 ),( 14, 7 ),( 46, 41 ),( 11, 5 ),( 7, 37 ),( 10, 8 ),( 17, 4 ),( 2, 34 ),( 4, 20 ),( 42, 14 ),( 26, 22 ),( 44, 45 ),( 27, 28 ),( 0, 46 ),( 20, 28 ),( 3, 45 ),( 21, 22 ),( 5, 14 ),( 43, 20 ),( 45, 34 ),( 30, 4 ),( 37, 8 ),( 40, 37 ),( 36, 5 ),( 1, 41 ),( 33, 7 ),( 24, 0 ),( 33, 40 ),( 1, 6 ),( 36, 42 ),( 40, 10 ),( 37, 39 ),( 30, 43 ),( 45, 13 ),( 43, 27 ),( 5, 33 ),( 21, 25 ),( 3, 2 ),( 20, 19 ),( 0, 1 )
point : ( 27, 28 ) , order : 52
  ( 27, 28 ),( 3, 2 ),( 26, 22 ),( 5, 33 ),( 4, 20 ),( 45, 13 ),( 17, 4 ),( 37, 39 ),( 7, 37 ),( 36, 42 ),( 46, 41 ),( 33, 40 ),( 23, 0 ),( 33, 7 ),( 46, 6 ),( 36, 5 ),( 7, 10 ),( 37, 8 ),( 17, 43 ),( 45, 34 ),( 4, 27 ),( 5, 14 ),( 26, 25 ),( 3, 45 ),( 27, 19 ),( 0, 46 ),( 20, 19 ),( 44, 45 ),( 21, 25 ),( 42, 14 ),( 43, 27 ),( 2, 34 ),( 30, 43 ),( 10, 8 ),( 40, 10 ),( 11, 5 ),( 1, 6 ),( 14, 7 ),( 24, 0 ),( 14, 40 ),( 1, 41 ),( 11, 42 ),( 40, 37 ),( 10, 39 ),( 30, 4 ),( 2, 13 ),( 43, 20 ),( 42, 33 ),( 21, 22 ),( 44, 2 ),( 20, 28 ),( 0, 1 )
point : ( 30, 4 ) , order : 52
  ( 30, 4 ),( 14, 7 ),( 43, 27 ),( 3, 45 ),( 7, 10 ),( 36, 42 ),( 26, 22 ),( 42, 33 ),( 1, 41 ),( 10, 8 ),( 20, 19 ),( 45, 34 ),( 23, 0 ),( 45, 13 ),( 20, 28 ),( 10, 39 ),( 1, 6 ),( 42, 14 ),( 26, 25 ),( 36, 5 ),( 7, 37 ),( 3, 2 ),( 43, 20 ),( 14, 40 ),( 30, 43 ),( 0, 46 ),( 17, 43 ),( 33, 40 ),( 4, 20 ),( 44, 2 ),( 40, 37 ),( 11, 5 ),( 21, 25 ),( 5, 14 ),( 46, 6 ),( 37, 39 ),( 27, 28 ),( 2, 13 ),( 24, 0 ),( 2, 34 ),( 27, 19 ),( 37, 8 ),( 46, 41 ),( 5, 33 ),( 21, 22 ),( 11, 42 ),( 40, 10 ),( 44, 45 ),( 4, 27 ),( 33, 7 ),( 17, 4 ),( 0, 1 )
point : ( 30, 43 ) , order : 52
  ( 30, 43 ),( 33, 7 ),( 43, 20 ),( 44, 45 ),( 7, 37 ),( 11, 42 ),( 26, 25 ),( 5, 33 ),( 1, 6 ),( 37, 8 ),( 20, 28 ),( 2, 34 ),( 23, 0 ),( 2, 13 ),( 20, 19 ),( 37, 39 ),( 1, 41 ),( 5, 14 ),( 26, 22 ),( 11, 5 ),( 7, 10 ),( 44, 2 ),( 43, 27 ),( 33, 40 ),( 30, 4 ),( 0, 46 ),( 17, 4 ),( 14, 40 ),( 4, 27 ),( 3, 2 ),( 40, 10 ),( 36, 5 ),( 21, 22 ),( 42, 14 ),( 46, 41 ),( 10, 39 ),( 27, 19 ),( 45, 13 ),( 24, 0 ),( 45, 34 ),( 27, 28 ),( 10, 8 ),( 46, 6 ),( 42, 33 ),( 21, 25 ),( 36, 42 ),( 40, 37 ),( 3, 45 ),( 4, 20 ),( 14, 7 ),( 17, 43 ),( 0, 1 )
point : ( 33, 7 ) , order : 26
  ( 33, 7 ),( 44, 45 ),( 11, 42 ),( 5, 33 ),( 37, 8 ),( 2, 34 ),( 2, 13 ),( 37, 39 ),( 5, 14 ),( 11, 5 ),( 44, 2 ),( 33, 40 ),( 0, 46 ),( 14, 40 ),( 3, 2 ),( 36, 5 ),( 42, 14 ),( 10, 39 ),( 45, 13 ),( 45, 34 ),( 10, 8 ),( 42, 33 ),( 36, 42 ),( 3, 45 ),( 14, 7 ),( 0, 1 )
point : ( 33, 40 ) , order : 13
  ( 33, 40 ),( 3, 45 ),( 11, 5 ),( 42, 33 ),( 37, 39 ),( 45, 34 ),( 2, 34 ),( 10, 39 ),( 5, 33 ),( 36, 5 ),( 44, 45 ),( 14, 40 ),( 0, 1 )
point : ( 36, 5 ) , order : 13
  ( 36, 5 ),( 2, 34 ),( 42, 33 ),( 33, 40 ),( 44, 45 ),( 10, 39 ),( 37, 39 ),( 3, 45 ),( 14, 40 ),( 5, 33 ),( 45, 34 ),( 11, 5 ),( 0, 1 )
point : ( 36, 42 ) , order : 26
  ( 36, 42 ),( 45, 34 ),( 42, 14 ),( 14, 40 ),( 44, 2 ),( 37, 39 ),( 37, 8 ),( 44, 45 ),( 14, 7 ),( 42, 33 ),( 45, 13 ),( 36, 5 ),( 0, 46 ),( 11, 5 ),( 2, 13 ),( 5, 33 ),( 33, 7 ),( 3, 45 ),( 10, 8 ),( 10, 39 ),( 3, 2 ),( 33, 40 ),( 5, 14 ),( 2, 34 ),( 11, 42 ),( 0, 1 )
point : ( 37, 8 ) , order : 26
  ( 37, 8 ),( 11, 5 ),( 3, 2 ),( 45, 34 ),( 14, 7 ),( 5, 33 ),( 5, 14 ),( 14, 40 ),( 45, 13 ),( 3, 45 ),( 11, 42 ),( 37, 39 ),( 0, 46 ),( 10, 39 ),( 36, 42 ),( 44, 45 ),( 2, 13 ),( 33, 40 ),( 42, 14 ),( 42, 33 ),( 33, 7 ),( 2, 34 ),( 44, 2 ),( 36, 5 ),( 10, 8 ),( 0, 1 )
point : ( 37, 39 ) , order : 13
  ( 37, 39 ),( 36, 5 ),( 3, 45 ),( 2, 34 ),( 14, 40 ),( 42, 33 ),( 5, 33 ),( 33, 40 ),( 45, 34 ),( 44, 45 ),( 11, 5 ),( 10, 39 ),( 0, 1 )
point : ( 40, 10 ) , order : 52
  ( 40, 10 ),( 37, 8 ),( 27, 28 ),( 11, 5 ),( 17, 43 ),( 3, 2 ),( 1, 6 ),( 45, 34 ),( 26, 22 ),( 14, 7 ),( 4, 27 ),( 5, 33 ),( 24, 0 ),( 5, 14 ),( 4, 20 ),( 14, 40 ),( 26, 25 ),( 45, 13 ),( 1, 41 ),( 3, 45 ),( 17, 4 ),( 11, 42 ),( 27, 19 ),( 37, 39 ),( 40, 37 ),( 0, 46 ),( 7, 37 ),( 10, 39 ),( 20, 19 ),( 36, 42 ),( 30, 4 ),( 44, 45 ),( 46, 41 ),( 2, 13 ),( 21, 25 ),( 33, 40 ),( 43, 20 ),( 42, 14 ),( 23, 0 ),( 42, 33 ),( 43, 27 ),( 33, 7 ),( 21, 22 ),( 2, 34 ),( 46, 6 ),( 44, 2 ),( 30, 43 ),( 36, 5 ),( 20, 28 ),( 10, 8 ),( 7, 10 ),( 0, 1 )
point : ( 40, 37 ) , order : 52
  ( 40, 37 ),( 10, 8 ),( 27, 19 ),( 36, 5 ),( 17, 4 ),( 44, 2 ),( 1, 41 ),( 2, 34 ),( 26, 25 ),( 33, 7 ),( 4, 20 ),( 42, 33 ),( 24, 0 ),( 42, 14 ),( 4, 27 ),( 33, 40 ),( 26, 22 ),( 2, 13 ),( 1, 6 ),( 44, 45 ),( 17, 43 ),( 36, 42 ),( 27, 28 ),( 10, 39 ),( 40, 10 ),( 0, 46 ),( 7, 10 ),( 37, 39 ),( 20, 28 ),( 11, 42 ),( 30, 43 ),( 3, 45 ),( 46, 6 ),( 45, 13 ),( 21, 22 ),( 14, 40 ),( 43, 27 ),( 5, 14 ),( 23, 0 ),( 5, 33 ),( 43, 20 ),( 14, 7 ),( 21, 25 ),( 45, 34 ),( 46, 41 ),( 3, 2 ),( 30, 4 ),( 11, 5 ),( 20, 19 ),( 37, 8 ),( 7, 37 ),( 0, 1 )
point : ( 42, 14 ) , order : 26
  ( 42, 14 ),( 37, 39 ),( 14, 7 ),( 36, 5 ),( 2, 13 ),( 3, 45 ),( 3, 2 ),( 2, 34 ),( 36, 42 ),( 14, 40 ),( 37, 8 ),( 42, 33 ),( 0, 46 ),( 5, 33 ),( 10, 8 ),( 33, 40 ),( 11, 42 ),( 45, 34 ),( 44, 2 ),( 44, 45 ),( 45, 13 ),( 11, 5 ),( 33, 7 ),( 10, 39 ),( 5, 14 ),( 0, 1 )
point : ( 42, 33 ) , order : 13
  ( 42, 33 ),( 10, 39 ),( 14, 40 ),( 11, 5 ),( 2, 34 ),( 44, 45 ),( 3, 45 ),( 45, 34 ),( 36, 5 ),( 33, 40 ),( 37, 39 ),( 5, 33 ),( 0, 1 )
point : ( 43, 20 ) , order : 52
  ( 43, 20 ),( 11, 42 ),( 1, 6 ),( 2, 34 ),( 20, 19 ),( 5, 14 ),( 7, 10 ),( 33, 40 ),( 17, 4 ),( 3, 2 ),( 21, 22 ),( 10, 39 ),( 24, 0 ),( 10, 8 ),( 21, 25 ),( 3, 45 ),( 17, 43 ),( 33, 7 ),( 7, 37 ),( 5, 33 ),( 20, 28 ),( 2, 13 ),( 1, 41 ),( 11, 5 ),( 43, 27 ),( 0, 46 ),( 4, 27 ),( 36, 5 ),( 46, 41 ),( 45, 13 ),( 27, 28 ),( 42, 33 ),( 40, 37 ),( 14, 7 ),( 30, 43 ),( 44, 45 ),( 26, 25 ),( 37, 8 ),( 23, 0 ),( 37, 39 ),( 26, 22 ),( 44, 2 ),( 30, 4 ),( 14, 40 ),( 40, 10 ),( 42, 14 ),( 27, 19 ),( 45, 34 ),( 46, 6 ),( 36, 42 ),( 4, 20 ),( 0, 1 )
point : ( 43, 27 ) , order : 52
  ( 43, 27 ),( 36, 42 ),( 1, 41 ),( 45, 34 ),( 20, 28 ),( 42, 14 ),( 7, 37 ),( 14, 40 ),( 17, 43 ),( 44, 2 ),( 21, 25 ),( 37, 39 ),( 24, 0 ),( 37, 8 ),( 21, 22 ),( 44, 45 ),( 17, 4 ),( 14, 7 ),( 7, 10 ),( 42, 33 ),( 20, 19 ),( 45, 13 ),( 1, 6 ),( 36, 5 ),( 43, 20 ),( 0, 46 ),( 4, 20 ),( 11, 5 ),( 46, 6 ),( 2, 13 ),( 27, 19 ),( 5, 33 ),( 40, 10 ),( 33, 7 ),( 30, 4 ),( 3, 45 ),( 26, 22 ),( 10, 8 ),( 23, 0 ),( 10, 39 ),( 26, 25 ),( 3, 2 ),( 30, 43 ),( 33, 40 ),( 40, 37 ),( 5, 14 ),( 27, 28 ),( 2, 34 ),( 46, 41 ),( 11, 42 ),( 4, 27 ),( 0, 1 )
point : ( 44, 2 ) , order : 26
  ( 44, 2 ),( 42, 33 ),( 2, 13 ),( 10, 39 ),( 11, 42 ),( 14, 40 ),( 14, 7 ),( 11, 5 ),( 10, 8 ),( 2, 34 ),( 42, 14 ),( 44, 45 ),( 0, 46 ),( 3, 45 ),( 5, 14 ),( 45, 34 ),( 37, 8 ),( 36, 5 ),( 33, 7 ),( 33, 40 ),( 36, 42 ),( 37, 39 ),( 45, 13 ),( 5, 33 ),( 3, 2 ),( 0, 1 )
point : ( 44, 45 ) , order : 13
  ( 44, 45 ),( 5, 33 ),( 2, 34 ),( 37, 39 ),( 11, 5 ),( 33, 40 ),( 14, 40 ),( 36, 5 ),( 10, 39 ),( 45, 34 ),( 42, 33 ),( 3, 45 ),( 0, 1 )
point : ( 45, 13 ) , order : 26
  ( 45, 13 ),( 33, 40 ),( 37, 8 ),( 3, 45 ),( 42, 14 ),( 11, 5 ),( 11, 42 ),( 42, 33 ),( 3, 2 ),( 37, 39 ),( 33, 7 ),( 45, 34 ),( 0, 46 ),( 2, 34 ),( 14, 7 ),( 10, 39 ),( 44, 2 ),( 5, 33 ),( 36, 42 ),( 36, 5 ),( 5, 14 ),( 44, 45 ),( 10, 8 ),( 14, 40 ),( 2, 13 ),( 0, 1 )
point : ( 45, 34 ) , order : 13
  ( 45, 34 ),( 14, 40 ),( 37, 39 ),( 44, 45 ),( 42, 33 ),( 36, 5 ),( 11, 5 ),( 5, 33 ),( 3, 45 ),( 10, 39 ),( 33, 40 ),( 2, 34 ),( 0, 1 )
point : ( 46, 6 ) , order : 52
  ( 46, 6 ),( 42, 14 ),( 30, 4 ),( 37, 39 ),( 26, 25 ),( 14, 7 ),( 27, 28 ),( 36, 5 ),( 43, 27 ),( 2, 13 ),( 7, 37 ),( 3, 45 ),( 24, 0 ),( 3, 2 ),( 7, 10 ),( 2, 34 ),( 43, 20 ),( 36, 42 ),( 27, 19 ),( 14, 40 ),( 26, 22 ),( 37, 8 ),( 30, 43 ),( 42, 33 ),( 46, 41 ),( 0, 46 ),( 1, 41 ),( 5, 33 ),( 17, 43 ),( 10, 8 ),( 21, 22 ),( 33, 40 ),( 20, 19 ),( 11, 42 ),( 4, 20 ),( 45, 34 ),( 40, 10 ),( 44, 2 ),( 23, 0 ),( 44, 45 ),( 40, 37 ),( 45, 13 ),( 4, 27 ),( 11, 5 ),( 20, 28 ),( 33, 7 ),( 21, 25 ),( 10, 39 ),( 17, 4 ),( 5, 14 ),( 1, 6 ),( 0, 1 )
point : ( 46, 41 ) , order : 52
  ( 46, 41 ),( 5, 14 ),( 30, 43 ),( 10, 39 ),( 26, 22 ),( 33, 7 ),( 27, 19 ),( 11, 5 ),( 43, 20 ),( 45, 13 ),( 7, 10 ),( 44, 45 ),( 24, 0 ),( 44, 2 ),( 7, 37 ),( 45, 34 ),( 43, 27 ),( 11, 42 ),( 27, 28 ),( 33, 40 ),( 26, 25 ),( 10, 8 ),( 30, 4 ),( 5, 33 ),( 46, 6 ),( 0, 46 ),( 1, 6 ),( 42, 33 ),( 17, 4 ),( 37, 8 ),( 21, 25 ),( 14, 40 ),( 20, 28 ),( 36, 42 ),( 4, 27 ),( 2, 34 ),( 40, 37 ),( 3, 2 ),( 23, 0 ),( 3, 45 ),( 40, 10 ),( 2, 13 ),( 4, 20 ),( 36, 5 ),( 20, 19 ),( 14, 7 ),( 21, 22 ),( 37, 39 ),( 17, 43 ),( 42, 14 ),( 1, 41 ),( 0, 1 )
