d = 2
prime = 43

[[1, 0],
 [2, 38],
 [2, 5],
 [4, 26],
 [4, 17],
 [5, 41],
 [5, 2],
 [9, 29],
 [9, 14],
 [11, 27],
 [11, 16],
 [14, 34],
 [14, 9],
 [16, 32],
 [16, 11],
 [17, 39],
 [17, 4],
 [18, 22],
 [18, 21],
 [21, 25],
 [21, 18],
 [22, 25],
 [22, 18],
 [25, 22],
 [25, 21],
 [26, 39],
 [26, 4],
 [27, 32],
 [27, 11],
 [29, 34],
 [29, 9],
 [32, 27],
 [32, 16],
 [34, 29],
 [34, 14],
 [38, 41],
 [38, 2],
 [39, 26],
 [39, 17],
 [41, 38],
 [41, 5],
 [42, 0]]

d = 5
prime = 47

[[1, 0],
 [6, 39],
 [6, 8],
 [7, 31],
 [7, 16],
 [8, 41],
 [8, 6],
 [10, 26],
 [10, 21],
 [11, 35],
 [11, 12],
 [12, 36],
 [12, 11],
 [16, 40],
 [16, 7],
 [17, 25],
 [17, 22],
 [21, 37],
 [21, 10],
 [22, 30],
 [22, 17],
 [25, 30],
 [25, 17],
 [26, 37],
 [26, 10],
 [30, 25],
 [30, 22],
 [31, 40],
 [31, 7],
 [35, 36],
 [35, 11],
 [36, 35],
 [36, 12],
 [37, 26],
 [37, 21],
 [39, 41],
 [39, 6],
 [40, 31],
 [40, 16],
 [41, 39],
 [41, 8],
 [46, 0]]