素数 : 43
d : 2
平方テーブル : {1=>1,
 2=>4,
 3=>9,
 4=>16,
 5=>25,
 6=>36,
 7=>6,
 8=>21,
 9=>38,
 10=>14,
 11=>35,
 12=>15,
 13=>40,
 14=>24,
 15=>10,
 16=>41,
 17=>31,
 18=>23,
 19=>17,
 20=>13,
 21=>11,
 22=>11,
 23=>13,
 24=>17,
 25=>23,
 26=>31,
 27=>41,
 28=>10,
 29=>24,
 30=>40,
 31=>15,
 32=>35,
 33=>14,
 34=>38,
 35=>21,
 36=>6,
 37=>36,
 38=>25,
 39=>16,
 40=>9,
 41=>4,
 42=>1}
平方根テーブル : {1=>[1, 42],
 4=>[2, 41],
 9=>[3, 40],
 16=>[4, 39],
 25=>[5, 38],
 36=>[6, 37],
 6=>[7, 36],
 21=>[8, 35],
 38=>[9, 34],
 14=>[10, 33],
 35=>[11, 32],
 15=>[12, 31],
 40=>[13, 30],
 24=>[14, 29],
 10=>[15, 28],
 41=>[16, 27],
 31=>[17, 26],
 23=>[18, 25],
 17=>[19, 24],
 13=>[20, 23],
 11=>[21, 22]}
非平方剰余数(d候補) : [2, 3, 5, 7, 8, 12, 18, 19, 20, 22, 26, 27, 28, 29, 30, 32, 33, 34, 37, 39, 42]
逆数テーブル : {1=>1,
 2=>22,
 3=>29,
 4=>11,
 5=>26,
 6=>36,
 7=>37,
 8=>27,
 9=>24,
 10=>13,
 11=>4,
 12=>18,
 13=>10,
 14=>40,
 15=>23,
 16=>35,
 17=>38,
 18=>12,
 19=>34,
 20=>28,
 21=>41,
 22=>2,
 23=>15,
 24=>9,
 25=>31,
 26=>5,
 27=>8,
 28=>20,
 29=>3,
 30=>33,
 31=>25,
 32=>39,
 33=>30,
 34=>19,
 35=>16,
 36=>6,
 37=>7,
 38=>17,
 39=>32,
 40=>14,
 41=>21,
 42=>42}
曲線上の点 : [
 ( 0, 1 ),
 ( 0, 42 ),
 ( 1, 0 ),
 ( 2, 5 ),
 ( 2, 38 ),
 ( 4, 17 ),
 ( 4, 26 ),
 ( 5, 2 ),
 ( 5, 41 ),
 ( 9, 14 ),
 ( 9, 29 ),
 ( 11, 16 ),
 ( 11, 27 ),
 ( 14, 9 ),
 ( 14, 34 ),
 ( 16, 11 ),
 ( 16, 32 ),
 ( 17, 4 ),
 ( 17, 39 ),
 ( 18, 21 ),
 ( 18, 22 ),
 ( 21, 18 ),
 ( 21, 25 ),
 ( 22, 18 ),
 ( 22, 25 ),
 ( 25, 21 ),
 ( 25, 22 ),
 ( 26, 4 ),
 ( 26, 39 ),
 ( 27, 11 ),
 ( 27, 32 ),
 ( 29, 9 ),
 ( 29, 34 ),
 ( 32, 16 ),
 ( 32, 27 ),
 ( 34, 14 ),
 ( 34, 29 ),
 ( 38, 2 ),
 ( 38, 41 ),
 ( 39, 17 ),
 ( 39, 26 ),
 ( 41, 5 ),
 ( 41, 38 ),
 ( 42, 0 ),
]
各点をベースポイントとして加算した点 :
point : ( 0, 1 ) , order : 1
  ( 0, 1 )
point : ( 0, 42 ) , order : 2
  ( 0, 42 ),( 0, 1 )
point : ( 1, 0 ) , order : 4
  ( 1, 0 ),( 0, 42 ),( 42, 0 ),( 0, 1 )
point : ( 2, 5 ) , order : 22
  ( 2, 5 ),( 17, 4 ),( 11, 27 ),( 34, 29 ),( 18, 21 ),( 18, 22 ),( 34, 14 ),( 11, 16 ),( 17, 39 ),( 2, 38 ),( 0, 42 ),( 41, 38 ),( 26, 39 ),( 32, 16 ),( 9, 14 ),( 25, 22 ),( 25, 21 ),( 9, 29 ),( 32, 27 ),( 26, 4 ),( 41, 5 ),( 0, 1 )
point : ( 2, 38 ) , order : 11
  ( 2, 38 ),( 26, 4 ),( 11, 16 ),( 9, 29 ),( 18, 22 ),( 25, 22 ),( 34, 29 ),( 32, 16 ),( 17, 4 ),( 41, 38 ),( 0, 1 )
point : ( 4, 17 ) , order : 44
  ( 4, 17 ),( 34, 14 ),( 21, 25 ),( 32, 16 ),( 38, 2 ),( 41, 5 ),( 27, 11 ),( 18, 22 ),( 29, 9 ),( 26, 39 ),( 42, 0 ),( 26, 4 ),( 29, 34 ),( 18, 21 ),( 27, 32 ),( 41, 38 ),( 38, 41 ),( 32, 27 ),( 21, 18 ),( 34, 29 ),( 4, 26 ),( 0, 42 ),( 39, 26 ),( 9, 29 ),( 22, 18 ),( 11, 27 ),( 5, 41 ),( 2, 38 ),( 16, 32 ),( 25, 21 ),( 14, 34 ),( 17, 4 ),( 1, 0 ),( 17, 39 ),( 14, 9 ),( 25, 22 ),( 16, 11 ),( 2, 5 ),( 5, 2 ),( 11, 16 ),( 22, 25 ),( 9, 14 ),( 39, 17 ),( 0, 1 )
point : ( 4, 26 ) , order : 44
  ( 4, 26 ),( 9, 14 ),( 21, 18 ),( 11, 16 ),( 38, 41 ),( 2, 5 ),( 27, 32 ),( 25, 22 ),( 29, 34 ),( 17, 39 ),( 42, 0 ),( 17, 4 ),( 29, 9 ),( 25, 21 ),( 27, 11 ),( 2, 38 ),( 38, 2 ),( 11, 27 ),( 21, 25 ),( 9, 29 ),( 4, 17 ),( 0, 42 ),( 39, 17 ),( 34, 29 ),( 22, 25 ),( 32, 27 ),( 5, 2 ),( 41, 38 ),( 16, 11 ),( 18, 21 ),( 14, 9 ),( 26, 4 ),( 1, 0 ),( 26, 39 ),( 14, 34 ),( 18, 22 ),( 16, 32 ),( 41, 5 ),( 5, 41 ),( 32, 16 ),( 22, 18 ),( 34, 14 ),( 39, 26 ),( 0, 1 )
point : ( 5, 2 ) , order : 44
  ( 5, 2 ),( 17, 39 ),( 16, 32 ),( 9, 29 ),( 21, 18 ),( 18, 21 ),( 29, 9 ),( 32, 16 ),( 39, 17 ),( 2, 5 ),( 1, 0 ),( 2, 38 ),( 39, 26 ),( 32, 27 ),( 29, 34 ),( 18, 22 ),( 21, 25 ),( 9, 14 ),( 16, 11 ),( 17, 4 ),( 5, 41 ),( 0, 42 ),( 38, 41 ),( 26, 4 ),( 27, 11 ),( 34, 14 ),( 22, 25 ),( 25, 22 ),( 14, 34 ),( 11, 27 ),( 4, 26 ),( 41, 38 ),( 42, 0 ),( 41, 5 ),( 4, 17 ),( 11, 16 ),( 14, 9 ),( 25, 21 ),( 22, 18 ),( 34, 29 ),( 27, 32 ),( 26, 39 ),( 38, 2 ),( 0, 1 )
point : ( 5, 41 ) , order : 44
  ( 5, 41 ),( 26, 39 ),( 16, 11 ),( 34, 29 ),( 21, 25 ),( 25, 21 ),( 29, 34 ),( 11, 16 ),( 39, 26 ),( 41, 5 ),( 1, 0 ),( 41, 38 ),( 39, 17 ),( 11, 27 ),( 29, 9 ),( 25, 22 ),( 21, 18 ),( 34, 14 ),( 16, 32 ),( 26, 4 ),( 5, 2 ),( 0, 42 ),( 38, 2 ),( 17, 4 ),( 27, 32 ),( 9, 14 ),( 22, 18 ),( 18, 22 ),( 14, 9 ),( 32, 27 ),( 4, 17 ),( 2, 38 ),( 42, 0 ),( 2, 5 ),( 4, 26 ),( 32, 16 ),( 14, 34 ),( 18, 21 ),( 22, 25 ),( 9, 29 ),( 27, 11 ),( 17, 39 ),( 38, 41 ),( 0, 1 )
point : ( 9, 14 ) , order : 22
  ( 9, 14 ),( 11, 16 ),( 2, 5 ),( 25, 22 ),( 17, 39 ),( 17, 4 ),( 25, 21 ),( 2, 38 ),( 11, 27 ),( 9, 29 ),( 0, 42 ),( 34, 29 ),( 32, 27 ),( 41, 38 ),( 18, 21 ),( 26, 4 ),( 26, 39 ),( 18, 22 ),( 41, 5 ),( 32, 16 ),( 34, 14 ),( 0, 1 )
point : ( 9, 29 ) , order : 11
  ( 9, 29 ),( 32, 16 ),( 2, 38 ),( 18, 22 ),( 17, 4 ),( 26, 4 ),( 25, 22 ),( 41, 38 ),( 11, 16 ),( 34, 29 ),( 0, 1 )
point : ( 11, 16 ) , order : 11
  ( 11, 16 ),( 25, 22 ),( 17, 4 ),( 2, 38 ),( 9, 29 ),( 34, 29 ),( 41, 38 ),( 26, 4 ),( 18, 22 ),( 32, 16 ),( 0, 1 )
point : ( 11, 27 ) , order : 22
  ( 11, 27 ),( 18, 22 ),( 17, 39 ),( 41, 38 ),( 9, 14 ),( 9, 29 ),( 41, 5 ),( 17, 4 ),( 18, 21 ),( 11, 16 ),( 0, 42 ),( 32, 16 ),( 25, 21 ),( 26, 4 ),( 2, 5 ),( 34, 29 ),( 34, 14 ),( 2, 38 ),( 26, 39 ),( 25, 22 ),( 32, 27 ),( 0, 1 )
point : ( 14, 9 ) , order : 44
  ( 14, 9 ),( 11, 27 ),( 38, 41 ),( 18, 22 ),( 39, 17 ),( 17, 39 ),( 22, 18 ),( 41, 38 ),( 27, 11 ),( 9, 14 ),( 1, 0 ),( 9, 29 ),( 27, 32 ),( 41, 5 ),( 22, 25 ),( 17, 4 ),( 39, 26 ),( 18, 21 ),( 38, 2 ),( 11, 16 ),( 14, 34 ),( 0, 42 ),( 29, 34 ),( 32, 16 ),( 5, 2 ),( 25, 21 ),( 4, 26 ),( 26, 4 ),( 21, 25 ),( 2, 5 ),( 16, 32 ),( 34, 29 ),( 42, 0 ),( 34, 14 ),( 16, 11 ),( 2, 38 ),( 21, 18 ),( 26, 39 ),( 4, 17 ),( 25, 22 ),( 5, 41 ),( 32, 27 ),( 29, 9 ),( 0, 1 )
point : ( 14, 34 ) , order : 44
  ( 14, 34 ),( 32, 27 ),( 38, 2 ),( 25, 22 ),( 39, 26 ),( 26, 39 ),( 22, 25 ),( 2, 38 ),( 27, 32 ),( 34, 14 ),( 1, 0 ),( 34, 29 ),( 27, 11 ),( 2, 5 ),( 22, 18 ),( 26, 4 ),( 39, 17 ),( 25, 21 ),( 38, 41 ),( 32, 16 ),( 14, 9 ),( 0, 42 ),( 29, 9 ),( 11, 16 ),( 5, 41 ),( 18, 21 ),( 4, 17 ),( 17, 4 ),( 21, 18 ),( 41, 5 ),( 16, 11 ),( 9, 29 ),( 42, 0 ),( 9, 14 ),( 16, 32 ),( 41, 38 ),( 21, 25 ),( 17, 39 ),( 4, 26 ),( 18, 22 ),( 5, 2 ),( 11, 27 ),( 29, 34 ),( 0, 1 )
point : ( 16, 11 ) , order : 44
  ( 16, 11 ),( 25, 21 ),( 39, 26 ),( 41, 38 ),( 29, 9 ),( 34, 14 ),( 5, 2 ),( 17, 4 ),( 22, 18 ),( 32, 27 ),( 42, 0 ),( 32, 16 ),( 22, 25 ),( 17, 39 ),( 5, 41 ),( 34, 29 ),( 29, 34 ),( 41, 5 ),( 39, 17 ),( 25, 22 ),( 16, 32 ),( 0, 42 ),( 27, 32 ),( 18, 22 ),( 4, 17 ),( 2, 5 ),( 14, 34 ),( 9, 29 ),( 38, 41 ),( 26, 39 ),( 21, 25 ),( 11, 16 ),( 1, 0 ),( 11, 27 ),( 21, 18 ),( 26, 4 ),( 38, 2 ),( 9, 14 ),( 14, 9 ),( 2, 38 ),( 4, 26 ),( 18, 21 ),( 27, 11 ),( 0, 1 )
point : ( 16, 32 ) , order : 44
  ( 16, 32 ),( 18, 21 ),( 39, 17 ),( 2, 38 ),( 29, 34 ),( 9, 14 ),( 5, 41 ),( 26, 4 ),( 22, 25 ),( 11, 27 ),( 42, 0 ),( 11, 16 ),( 22, 18 ),( 26, 39 ),( 5, 2 ),( 9, 29 ),( 29, 9 ),( 2, 5 ),( 39, 26 ),( 18, 22 ),( 16, 11 ),( 0, 42 ),( 27, 11 ),( 25, 22 ),( 4, 26 ),( 41, 5 ),( 14, 9 ),( 34, 29 ),( 38, 2 ),( 17, 39 ),( 21, 18 ),( 32, 16 ),( 1, 0 ),( 32, 27 ),( 21, 25 ),( 17, 4 ),( 38, 41 ),( 34, 14 ),( 14, 34 ),( 41, 38 ),( 4, 17 ),( 25, 21 ),( 27, 32 ),( 0, 1 )
point : ( 17, 4 ) , order : 11
  ( 17, 4 ),( 34, 29 ),( 18, 22 ),( 11, 16 ),( 2, 38 ),( 41, 38 ),( 32, 16 ),( 25, 22 ),( 9, 29 ),( 26, 4 ),( 0, 1 )
point : ( 17, 39 ) , order : 22
  ( 17, 39 ),( 9, 29 ),( 18, 21 ),( 32, 16 ),( 2, 5 ),( 2, 38 ),( 32, 27 ),( 18, 22 ),( 9, 14 ),( 17, 4 ),( 0, 42 ),( 26, 4 ),( 34, 14 ),( 25, 22 ),( 11, 27 ),( 41, 38 ),( 41, 5 ),( 11, 16 ),( 25, 21 ),( 34, 29 ),( 26, 39 ),( 0, 1 )
point : ( 18, 21 ) , order : 22
  ( 18, 21 ),( 2, 38 ),( 9, 14 ),( 26, 4 ),( 11, 27 ),( 11, 16 ),( 26, 39 ),( 9, 29 ),( 2, 5 ),( 18, 22 ),( 0, 42 ),( 25, 22 ),( 41, 5 ),( 34, 29 ),( 17, 39 ),( 32, 16 ),( 32, 27 ),( 17, 4 ),( 34, 14 ),( 41, 38 ),( 25, 21 ),( 0, 1 )
point : ( 18, 22 ) , order : 11
  ( 18, 22 ),( 41, 38 ),( 9, 29 ),( 17, 4 ),( 11, 16 ),( 32, 16 ),( 26, 4 ),( 34, 29 ),( 2, 38 ),( 25, 22 ),( 0, 1 )
point : ( 21, 18 ) , order : 44
  ( 21, 18 ),( 2, 5 ),( 29, 34 ),( 17, 4 ),( 27, 11 ),( 11, 27 ),( 4, 17 ),( 34, 29 ),( 5, 2 ),( 18, 21 ),( 1, 0 ),( 18, 22 ),( 5, 41 ),( 34, 14 ),( 4, 26 ),( 11, 16 ),( 27, 32 ),( 17, 39 ),( 29, 9 ),( 2, 38 ),( 21, 25 ),( 0, 42 ),( 22, 25 ),( 41, 38 ),( 14, 9 ),( 26, 39 ),( 16, 32 ),( 32, 16 ),( 39, 26 ),( 9, 14 ),( 38, 41 ),( 25, 22 ),( 42, 0 ),( 25, 21 ),( 38, 2 ),( 9, 29 ),( 39, 17 ),( 32, 27 ),( 16, 11 ),( 26, 4 ),( 14, 34 ),( 41, 5 ),( 22, 18 ),( 0, 1 )
point : ( 21, 25 ) , order : 44
  ( 21, 25 ),( 41, 5 ),( 29, 9 ),( 26, 4 ),( 27, 32 ),( 32, 27 ),( 4, 26 ),( 9, 29 ),( 5, 41 ),( 25, 21 ),( 1, 0 ),( 25, 22 ),( 5, 2 ),( 9, 14 ),( 4, 17 ),( 32, 16 ),( 27, 11 ),( 26, 39 ),( 29, 34 ),( 41, 38 ),( 21, 18 ),( 0, 42 ),( 22, 18 ),( 2, 38 ),( 14, 34 ),( 17, 39 ),( 16, 11 ),( 11, 16 ),( 39, 17 ),( 34, 14 ),( 38, 2 ),( 18, 22 ),( 42, 0 ),( 18, 21 ),( 38, 41 ),( 34, 29 ),( 39, 26 ),( 11, 27 ),( 16, 32 ),( 17, 4 ),( 14, 9 ),( 2, 5 ),( 22, 25 ),( 0, 1 )
point : ( 22, 18 ) , order : 44
  ( 22, 18 ),( 41, 5 ),( 14, 34 ),( 26, 4 ),( 16, 11 ),( 32, 27 ),( 39, 17 ),( 9, 29 ),( 38, 2 ),( 25, 21 ),( 42, 0 ),( 25, 22 ),( 38, 41 ),( 9, 14 ),( 39, 26 ),( 32, 16 ),( 16, 32 ),( 26, 39 ),( 14, 9 ),( 41, 38 ),( 22, 25 ),( 0, 42 ),( 21, 25 ),( 2, 38 ),( 29, 9 ),( 17, 39 ),( 27, 32 ),( 11, 16 ),( 4, 26 ),( 34, 14 ),( 5, 41 ),( 18, 22 ),( 1, 0 ),( 18, 21 ),( 5, 2 ),( 34, 29 ),( 4, 17 ),( 11, 27 ),( 27, 11 ),( 17, 4 ),( 29, 34 ),( 2, 5 ),( 21, 18 ),( 0, 1 )
point : ( 22, 25 ) , order : 44
  ( 22, 25 ),( 2, 5 ),( 14, 9 ),( 17, 4 ),( 16, 32 ),( 11, 27 ),( 39, 26 ),( 34, 29 ),( 38, 41 ),( 18, 21 ),( 42, 0 ),( 18, 22 ),( 38, 2 ),( 34, 14 ),( 39, 17 ),( 11, 16 ),( 16, 11 ),( 17, 39 ),( 14, 34 ),( 2, 38 ),( 22, 18 ),( 0, 42 ),( 21, 18 ),( 41, 38 ),( 29, 34 ),( 26, 39 ),( 27, 11 ),( 32, 16 ),( 4, 17 ),( 9, 14 ),( 5, 2 ),( 25, 22 ),( 1, 0 ),( 25, 21 ),( 5, 41 ),( 9, 29 ),( 4, 26 ),( 32, 27 ),( 27, 32 ),( 26, 4 ),( 29, 9 ),( 41, 5 ),( 21, 25 ),( 0, 1 )
point : ( 25, 21 ) , order : 22
  ( 25, 21 ),( 41, 38 ),( 34, 14 ),( 17, 4 ),( 32, 27 ),( 32, 16 ),( 17, 39 ),( 34, 29 ),( 41, 5 ),( 25, 22 ),( 0, 42 ),( 18, 22 ),( 2, 5 ),( 9, 29 ),( 26, 39 ),( 11, 16 ),( 11, 27 ),( 26, 4 ),( 9, 14 ),( 2, 38 ),( 18, 21 ),( 0, 1 )
point : ( 25, 22 ) , order : 11
  ( 25, 22 ),( 2, 38 ),( 34, 29 ),( 26, 4 ),( 32, 16 ),( 11, 16 ),( 17, 4 ),( 9, 29 ),( 41, 38 ),( 18, 22 ),( 0, 1 )
point : ( 26, 4 ) , order : 11
  ( 26, 4 ),( 9, 29 ),( 25, 22 ),( 32, 16 ),( 41, 38 ),( 2, 38 ),( 11, 16 ),( 18, 22 ),( 34, 29 ),( 17, 4 ),( 0, 1 )
point : ( 26, 39 ) , order : 22
  ( 26, 39 ),( 34, 29 ),( 25, 21 ),( 11, 16 ),( 41, 5 ),( 41, 38 ),( 11, 27 ),( 25, 22 ),( 34, 14 ),( 26, 4 ),( 0, 42 ),( 17, 4 ),( 9, 14 ),( 18, 22 ),( 32, 27 ),( 2, 38 ),( 2, 5 ),( 32, 16 ),( 18, 21 ),( 9, 29 ),( 17, 39 ),( 0, 1 )
point : ( 27, 11 ) , order : 44
  ( 27, 11 ),( 18, 21 ),( 4, 26 ),( 2, 38 ),( 14, 9 ),( 9, 14 ),( 38, 2 ),( 26, 4 ),( 21, 18 ),( 11, 27 ),( 1, 0 ),( 11, 16 ),( 21, 25 ),( 26, 39 ),( 38, 41 ),( 9, 29 ),( 14, 34 ),( 2, 5 ),( 4, 17 ),( 18, 22 ),( 27, 32 ),( 0, 42 ),( 16, 32 ),( 25, 22 ),( 39, 17 ),( 41, 5 ),( 29, 34 ),( 34, 29 ),( 5, 41 ),( 17, 39 ),( 22, 25 ),( 32, 16 ),( 42, 0 ),( 32, 27 ),( 22, 18 ),( 17, 4 ),( 5, 2 ),( 34, 14 ),( 29, 9 ),( 41, 38 ),( 39, 26 ),( 25, 21 ),( 16, 11 ),( 0, 1 )
point : ( 27, 32 ) , order : 44
  ( 27, 32 ),( 25, 21 ),( 4, 17 ),( 41, 38 ),( 14, 34 ),( 34, 14 ),( 38, 41 ),( 17, 4 ),( 21, 25 ),( 32, 27 ),( 1, 0 ),( 32, 16 ),( 21, 18 ),( 17, 39 ),( 38, 2 ),( 34, 29 ),( 14, 9 ),( 41, 5 ),( 4, 26 ),( 25, 22 ),( 27, 11 ),( 0, 42 ),( 16, 11 ),( 18, 22 ),( 39, 26 ),( 2, 5 ),( 29, 9 ),( 9, 29 ),( 5, 2 ),( 26, 39 ),( 22, 18 ),( 11, 16 ),( 42, 0 ),( 11, 27 ),( 22, 25 ),( 26, 4 ),( 5, 41 ),( 9, 14 ),( 29, 34 ),( 2, 38 ),( 39, 17 ),( 18, 21 ),( 16, 32 ),( 0, 1 )
point : ( 29, 9 ) , order : 44
  ( 29, 9 ),( 32, 27 ),( 5, 41 ),( 25, 22 ),( 4, 17 ),( 26, 39 ),( 21, 18 ),( 2, 38 ),( 16, 11 ),( 34, 14 ),( 42, 0 ),( 34, 29 ),( 16, 32 ),( 2, 5 ),( 21, 25 ),( 26, 4 ),( 4, 26 ),( 25, 21 ),( 5, 2 ),( 32, 16 ),( 29, 34 ),( 0, 42 ),( 14, 34 ),( 11, 16 ),( 38, 2 ),( 18, 21 ),( 39, 26 ),( 17, 4 ),( 22, 25 ),( 41, 5 ),( 27, 32 ),( 9, 29 ),( 1, 0 ),( 9, 14 ),( 27, 11 ),( 41, 38 ),( 22, 18 ),( 17, 39 ),( 39, 17 ),( 18, 22 ),( 38, 41 ),( 11, 27 ),( 14, 9 ),( 0, 1 )
point : ( 29, 34 ) , order : 44
  ( 29, 34 ),( 11, 27 ),( 5, 2 ),( 18, 22 ),( 4, 26 ),( 17, 39 ),( 21, 25 ),( 41, 38 ),( 16, 32 ),( 9, 14 ),( 42, 0 ),( 9, 29 ),( 16, 11 ),( 41, 5 ),( 21, 18 ),( 17, 4 ),( 4, 17 ),( 18, 21 ),( 5, 41 ),( 11, 16 ),( 29, 9 ),( 0, 42 ),( 14, 9 ),( 32, 16 ),( 38, 41 ),( 25, 21 ),( 39, 17 ),( 26, 4 ),( 22, 18 ),( 2, 5 ),( 27, 11 ),( 34, 29 ),( 1, 0 ),( 34, 14 ),( 27, 32 ),( 2, 38 ),( 22, 25 ),( 26, 39 ),( 39, 26 ),( 25, 22 ),( 38, 2 ),( 32, 27 ),( 14, 34 ),( 0, 1 )
point : ( 32, 16 ) , order : 11
  ( 32, 16 ),( 18, 22 ),( 26, 4 ),( 41, 38 ),( 34, 29 ),( 9, 29 ),( 2, 38 ),( 17, 4 ),( 25, 22 ),( 11, 16 ),( 0, 1 )
point : ( 32, 27 ) , order : 22
  ( 32, 27 ),( 25, 22 ),( 26, 39 ),( 2, 38 ),( 34, 14 ),( 34, 29 ),( 2, 5 ),( 26, 4 ),( 25, 21 ),( 32, 16 ),( 0, 42 ),( 11, 16 ),( 18, 21 ),( 17, 4 ),( 41, 5 ),( 9, 29 ),( 9, 14 ),( 41, 38 ),( 17, 39 ),( 18, 22 ),( 11, 27 ),( 0, 1 )
point : ( 34, 14 ) , order : 22
  ( 34, 14 ),( 32, 16 ),( 41, 5 ),( 18, 22 ),( 26, 39 ),( 26, 4 ),( 18, 21 ),( 41, 38 ),( 32, 27 ),( 34, 29 ),( 0, 42 ),( 9, 29 ),( 11, 27 ),( 2, 38 ),( 25, 21 ),( 17, 4 ),( 17, 39 ),( 25, 22 ),( 2, 5 ),( 11, 16 ),( 9, 14 ),( 0, 1 )
point : ( 34, 29 ) , order : 11
  ( 34, 29 ),( 11, 16 ),( 41, 38 ),( 25, 22 ),( 26, 4 ),( 17, 4 ),( 18, 22 ),( 2, 38 ),( 32, 16 ),( 9, 29 ),( 0, 1 )
point : ( 38, 2 ) , order : 44
  ( 38, 2 ),( 26, 39 ),( 27, 32 ),( 34, 29 ),( 22, 18 ),( 25, 21 ),( 14, 9 ),( 11, 16 ),( 4, 17 ),( 41, 5 ),( 42, 0 ),( 41, 38 ),( 4, 26 ),( 11, 27 ),( 14, 34 ),( 25, 22 ),( 22, 25 ),( 34, 14 ),( 27, 11 ),( 26, 4 ),( 38, 41 ),( 0, 42 ),( 5, 41 ),( 17, 4 ),( 16, 11 ),( 9, 14 ),( 21, 25 ),( 18, 22 ),( 29, 34 ),( 32, 27 ),( 39, 26 ),( 2, 38 ),( 1, 0 ),( 2, 5 ),( 39, 17 ),( 32, 16 ),( 29, 9 ),( 18, 21 ),( 21, 18 ),( 9, 29 ),( 16, 32 ),( 17, 39 ),( 5, 2 ),( 0, 1 )
point : ( 38, 41 ) , order : 44
  ( 38, 41 ),( 17, 39 ),( 27, 11 ),( 9, 29 ),( 22, 25 ),( 18, 21 ),( 14, 34 ),( 32, 16 ),( 4, 26 ),( 2, 5 ),( 42, 0 ),( 2, 38 ),( 4, 17 ),( 32, 27 ),( 14, 9 ),( 18, 22 ),( 22, 18 ),( 9, 14 ),( 27, 32 ),( 17, 4 ),( 38, 2 ),( 0, 42 ),( 5, 2 ),( 26, 4 ),( 16, 32 ),( 34, 14 ),( 21, 18 ),( 25, 22 ),( 29, 9 ),( 11, 27 ),( 39, 17 ),( 41, 38 ),( 1, 0 ),( 41, 5 ),( 39, 26 ),( 11, 16 ),( 29, 34 ),( 25, 21 ),( 21, 25 ),( 34, 29 ),( 16, 11 ),( 26, 39 ),( 5, 41 ),( 0, 1 )
point : ( 39, 17 ) , order : 44
  ( 39, 17 ),( 9, 14 ),( 22, 25 ),( 11, 16 ),( 5, 2 ),( 2, 5 ),( 16, 11 ),( 25, 22 ),( 14, 9 ),( 17, 39 ),( 1, 0 ),( 17, 4 ),( 14, 34 ),( 25, 21 ),( 16, 32 ),( 2, 38 ),( 5, 41 ),( 11, 27 ),( 22, 18 ),( 9, 29 ),( 39, 26 ),( 0, 42 ),( 4, 26 ),( 34, 29 ),( 21, 18 ),( 32, 27 ),( 38, 41 ),( 41, 38 ),( 27, 32 ),( 18, 21 ),( 29, 34 ),( 26, 4 ),( 42, 0 ),( 26, 39 ),( 29, 9 ),( 18, 22 ),( 27, 11 ),( 41, 5 ),( 38, 2 ),( 32, 16 ),( 21, 25 ),( 34, 14 ),( 4, 17 ),( 0, 1 )
point : ( 39, 26 ) , order : 44
  ( 39, 26 ),( 34, 14 ),( 22, 18 ),( 32, 16 ),( 5, 41 ),( 41, 5 ),( 16, 32 ),( 18, 22 ),( 14, 34 ),( 26, 39 ),( 1, 0 ),( 26, 4 ),( 14, 9 ),( 18, 21 ),( 16, 11 ),( 41, 38 ),( 5, 2 ),( 32, 27 ),( 22, 25 ),( 34, 29 ),( 39, 17 ),( 0, 42 ),( 4, 17 ),( 9, 29 ),( 21, 25 ),( 11, 27 ),( 38, 2 ),( 2, 38 ),( 27, 11 ),( 25, 21 ),( 29, 9 ),( 17, 4 ),( 42, 0 ),( 17, 39 ),( 29, 34 ),( 25, 22 ),( 27, 32 ),( 2, 5 ),( 38, 41 ),( 11, 16 ),( 21, 18 ),( 9, 14 ),( 4, 26 ),( 0, 1 )
point : ( 41, 5 ) , order : 22
  ( 41, 5 ),( 26, 4 ),( 32, 27 ),( 9, 29 ),( 25, 21 ),( 25, 22 ),( 9, 14 ),( 32, 16 ),( 26, 39 ),( 41, 38 ),( 0, 42 ),( 2, 38 ),( 17, 39 ),( 11, 16 ),( 34, 14 ),( 18, 22 ),( 18, 21 ),( 34, 29 ),( 11, 27 ),( 17, 4 ),( 2, 5 ),( 0, 1 )
point : ( 41, 38 ) , order : 11
  ( 41, 38 ),( 17, 4 ),( 32, 16 ),( 34, 29 ),( 25, 22 ),( 18, 22 ),( 9, 29 ),( 11, 16 ),( 26, 4 ),( 2, 38 ),( 0, 1 )
point : ( 42, 0 ) , order : 4
  ( 42, 0 ),( 0, 42 ),( 1, 0 ),( 0, 1 )
