素数 : 47
d : 5
平方テーブル : {1=>1,
 2=>4,
 3=>9,
 4=>16,
 5=>25,
 6=>36,
 7=>2,
 8=>17,
 9=>34,
 10=>6,
 11=>27,
 12=>3,
 13=>28,
 14=>8,
 15=>37,
 16=>21,
 17=>7,
 18=>42,
 19=>32,
 20=>24,
 21=>18,
 22=>14,
 23=>12,
 24=>12,
 25=>14,
 26=>18,
 27=>24,
 28=>32,
 29=>42,
 30=>7,
 31=>21,
 32=>37,
 33=>8,
 34=>28,
 35=>3,
 36=>27,
 37=>6,
 38=>34,
 39=>17,
 40=>2,
 41=>36,
 42=>25,
 43=>16,
 44=>9,
 45=>4,
 46=>1}
平方根テーブル : {1=>[1, 46],
 4=>[2, 45],
 9=>[3, 44],
 16=>[4, 43],
 25=>[5, 42],
 36=>[6, 41],
 2=>[7, 40],
 17=>[8, 39],
 34=>[9, 38],
 6=>[10, 37],
 27=>[11, 36],
 3=>[12, 35],
 28=>[13, 34],
 8=>[14, 33],
 37=>[15, 32],
 21=>[16, 31],
 7=>[17, 30],
 42=>[18, 29],
 32=>[19, 28],
 24=>[20, 27],
 18=>[21, 26],
 14=>[22, 25],
 12=>[23, 24]}
非平方剰余数(d候補) : [5,
 10,
 11,
 13,
 15,
 19,
 20,
 22,
 23,
 26,
 29,
 30,
 31,
 33,
 35,
 38,
 39,
 40,
 41,
 43,
 44,
 45,
 46]
逆数テーブル : {1=>1,
 2=>24,
 3=>16,
 4=>12,
 5=>19,
 6=>8,
 7=>27,
 8=>6,
 9=>21,
 10=>33,
 11=>30,
 12=>4,
 13=>29,
 14=>37,
 15=>22,
 16=>3,
 17=>36,
 18=>34,
 19=>5,
 20=>40,
 21=>9,
 22=>15,
 23=>45,
 24=>2,
 25=>32,
 26=>38,
 27=>7,
 28=>42,
 29=>13,
 30=>11,
 31=>44,
 32=>25,
 33=>10,
 34=>18,
 35=>43,
 36=>17,
 37=>14,
 38=>26,
 39=>41,
 40=>20,
 41=>39,
 42=>28,
 43=>35,
 44=>31,
 45=>23,
 46=>46}
曲線上の点 : [
 ( 0, 1 ),
 ( 0, 46 ),
 ( 1, 0 ),
 ( 6, 8 ),
 ( 6, 39 ),
 ( 7, 16 ),
 ( 7, 31 ),
 ( 8, 6 ),
 ( 8, 41 ),
 ( 10, 21 ),
 ( 10, 26 ),
 ( 11, 12 ),
 ( 11, 35 ),
 ( 12, 11 ),
 ( 12, 36 ),
 ( 16, 7 ),
 ( 16, 40 ),
 ( 17, 22 ),
 ( 17, 25 ),
 ( 21, 10 ),
 ( 21, 37 ),
 ( 22, 17 ),
 ( 22, 30 ),
 ( 25, 17 ),
 ( 25, 30 ),
 ( 26, 10 ),
 ( 26, 37 ),
 ( 30, 22 ),
 ( 30, 25 ),
 ( 31, 7 ),
 ( 31, 40 ),
 ( 35, 11 ),
 ( 35, 36 ),
 ( 36, 12 ),
 ( 36, 35 ),
 ( 37, 21 ),
 ( 37, 26 ),
 ( 39, 6 ),
 ( 39, 41 ),
 ( 40, 16 ),
 ( 40, 31 ),
 ( 41, 8 ),
 ( 41, 39 ),
 ( 46, 0 ),
]
各点をベースポイントとして加算した点 :
point : ( 0, 1 ) , order : 1
  ( 0, 1 )
point : ( 0, 46 ) , order : 2
  ( 0, 46 ),( 0, 1 )
point : ( 1, 0 ) , order : 4
  ( 1, 0 ),( 0, 46 ),( 46, 0 ),( 0, 1 )
point : ( 6, 8 ) , order : 11
  ( 6, 8 ),( 16, 40 ),( 36, 35 ),( 25, 30 ),( 10, 21 ),( 37, 21 ),( 22, 30 ),( 11, 35 ),( 31, 40 ),( 41, 8 ),( 0, 1 )
point : ( 6, 39 ) , order : 22
  ( 6, 39 ),( 31, 40 ),( 36, 12 ),( 22, 30 ),( 10, 26 ),( 10, 21 ),( 22, 17 ),( 36, 35 ),( 31, 7 ),( 6, 8 ),( 0, 46 ),( 41, 8 ),( 16, 7 ),( 11, 35 ),( 25, 17 ),( 37, 21 ),( 37, 26 ),( 25, 30 ),( 11, 12 ),( 16, 40 ),( 41, 39 ),( 0, 1 )
point : ( 7, 16 ) , order : 44
  ( 7, 16 ),( 22, 17 ),( 21, 10 ),( 11, 35 ),( 39, 41 ),( 41, 39 ),( 35, 11 ),( 10, 21 ),( 17, 22 ),( 16, 7 ),( 1, 0 ),( 16, 40 ),( 17, 25 ),( 10, 26 ),( 35, 36 ),( 41, 8 ),( 39, 6 ),( 11, 12 ),( 21, 37 ),( 22, 30 ),( 7, 31 ),( 0, 46 ),( 40, 31 ),( 25, 30 ),( 26, 37 ),( 36, 12 ),( 8, 6 ),( 6, 8 ),( 12, 36 ),( 37, 26 ),( 30, 25 ),( 31, 40 ),( 46, 0 ),( 31, 7 ),( 30, 22 ),( 37, 21 ),( 12, 11 ),( 6, 39 ),( 8, 41 ),( 36, 35 ),( 26, 10 ),( 25, 17 ),( 40, 16 ),( 0, 1 )
point : ( 7, 31 ) , order : 44
  ( 7, 31 ),( 25, 17 ),( 21, 37 ),( 36, 35 ),( 39, 6 ),( 6, 39 ),( 35, 36 ),( 37, 21 ),( 17, 25 ),( 31, 7 ),( 1, 0 ),( 31, 40 ),( 17, 22 ),( 37, 26 ),( 35, 11 ),( 6, 8 ),( 39, 41 ),( 36, 12 ),( 21, 10 ),( 25, 30 ),( 7, 16 ),( 0, 46 ),( 40, 16 ),( 22, 30 ),( 26, 10 ),( 11, 12 ),( 8, 41 ),( 41, 8 ),( 12, 11 ),( 10, 26 ),( 30, 22 ),( 16, 40 ),( 46, 0 ),( 16, 7 ),( 30, 25 ),( 10, 21 ),( 12, 36 ),( 41, 39 ),( 8, 6 ),( 11, 35 ),( 26, 37 ),( 22, 17 ),( 40, 31 ),( 0, 1 )
point : ( 8, 6 ) , order : 44
  ( 8, 6 ),( 16, 7 ),( 12, 11 ),( 22, 30 ),( 21, 10 ),( 37, 26 ),( 17, 25 ),( 36, 35 ),( 40, 31 ),( 41, 39 ),( 46, 0 ),( 41, 8 ),( 40, 16 ),( 36, 12 ),( 17, 22 ),( 37, 21 ),( 21, 37 ),( 22, 17 ),( 12, 36 ),( 16, 40 ),( 8, 41 ),( 0, 46 ),( 39, 41 ),( 31, 40 ),( 35, 36 ),( 25, 17 ),( 26, 37 ),( 10, 21 ),( 30, 22 ),( 11, 12 ),( 7, 16 ),( 6, 8 ),( 1, 0 ),( 6, 39 ),( 7, 31 ),( 11, 35 ),( 30, 25 ),( 10, 26 ),( 26, 10 ),( 25, 30 ),( 35, 11 ),( 31, 7 ),( 39, 6 ),( 0, 1 )
point : ( 8, 41 ) , order : 44
  ( 8, 41 ),( 31, 7 ),( 12, 36 ),( 25, 30 ),( 21, 37 ),( 10, 26 ),( 17, 22 ),( 11, 35 ),( 40, 16 ),( 6, 39 ),( 46, 0 ),( 6, 8 ),( 40, 31 ),( 11, 12 ),( 17, 25 ),( 10, 21 ),( 21, 10 ),( 25, 17 ),( 12, 11 ),( 31, 40 ),( 8, 6 ),( 0, 46 ),( 39, 6 ),( 16, 40 ),( 35, 11 ),( 22, 17 ),( 26, 10 ),( 37, 21 ),( 30, 25 ),( 36, 12 ),( 7, 31 ),( 41, 8 ),( 1, 0 ),( 41, 39 ),( 7, 16 ),( 36, 35 ),( 30, 22 ),( 37, 26 ),( 26, 37 ),( 22, 30 ),( 35, 36 ),( 16, 7 ),( 39, 41 ),( 0, 1 )
point : ( 10, 21 ) , order : 11
  ( 10, 21 ),( 41, 8 ),( 25, 30 ),( 31, 40 ),( 36, 35 ),( 11, 35 ),( 16, 40 ),( 22, 30 ),( 6, 8 ),( 37, 21 ),( 0, 1 )
point : ( 10, 26 ) , order : 22
  ( 10, 26 ),( 6, 8 ),( 25, 17 ),( 16, 40 ),( 36, 12 ),( 36, 35 ),( 16, 7 ),( 25, 30 ),( 6, 39 ),( 10, 21 ),( 0, 46 ),( 37, 21 ),( 41, 39 ),( 22, 30 ),( 31, 7 ),( 11, 35 ),( 11, 12 ),( 31, 40 ),( 22, 17 ),( 41, 8 ),( 37, 26 ),( 0, 1 )
point : ( 11, 12 ) , order : 22
  ( 11, 12 ),( 37, 21 ),( 16, 7 ),( 6, 8 ),( 22, 17 ),( 22, 30 ),( 6, 39 ),( 16, 40 ),( 37, 26 ),( 11, 35 ),( 0, 46 ),( 36, 35 ),( 10, 26 ),( 31, 40 ),( 41, 39 ),( 25, 30 ),( 25, 17 ),( 41, 8 ),( 31, 7 ),( 10, 21 ),( 36, 12 ),( 0, 1 )
point : ( 11, 35 ) , order : 11
  ( 11, 35 ),( 10, 21 ),( 16, 40 ),( 41, 8 ),( 22, 30 ),( 25, 30 ),( 6, 8 ),( 31, 40 ),( 37, 21 ),( 36, 35 ),( 0, 1 )
point : ( 12, 11 ) , order : 44
  ( 12, 11 ),( 37, 26 ),( 40, 31 ),( 41, 8 ),( 17, 22 ),( 22, 17 ),( 8, 41 ),( 31, 40 ),( 26, 37 ),( 11, 12 ),( 1, 0 ),( 11, 35 ),( 26, 10 ),( 31, 7 ),( 8, 6 ),( 22, 30 ),( 17, 25 ),( 41, 39 ),( 40, 16 ),( 37, 21 ),( 12, 36 ),( 0, 46 ),( 35, 36 ),( 10, 21 ),( 7, 16 ),( 6, 39 ),( 30, 25 ),( 25, 30 ),( 39, 6 ),( 16, 7 ),( 21, 10 ),( 36, 35 ),( 46, 0 ),( 36, 12 ),( 21, 37 ),( 16, 40 ),( 39, 41 ),( 25, 17 ),( 30, 22 ),( 6, 8 ),( 7, 31 ),( 10, 26 ),( 35, 11 ),( 0, 1 )
point : ( 12, 36 ) , order : 44
  ( 12, 36 ),( 10, 26 ),( 40, 16 ),( 6, 8 ),( 17, 25 ),( 25, 17 ),( 8, 6 ),( 16, 40 ),( 26, 10 ),( 36, 12 ),( 1, 0 ),( 36, 35 ),( 26, 37 ),( 16, 7 ),( 8, 41 ),( 25, 30 ),( 17, 22 ),( 6, 39 ),( 40, 31 ),( 10, 21 ),( 12, 11 ),( 0, 46 ),( 35, 11 ),( 37, 21 ),( 7, 31 ),( 41, 39 ),( 30, 22 ),( 22, 30 ),( 39, 41 ),( 31, 7 ),( 21, 37 ),( 11, 35 ),( 46, 0 ),( 11, 12 ),( 21, 10 ),( 31, 40 ),( 39, 6 ),( 22, 17 ),( 30, 25 ),( 41, 8 ),( 7, 16 ),( 37, 26 ),( 35, 36 ),( 0, 1 )
point : ( 16, 7 ) , order : 22
  ( 16, 7 ),( 22, 30 ),( 37, 26 ),( 36, 35 ),( 41, 39 ),( 41, 8 ),( 36, 12 ),( 37, 21 ),( 22, 17 ),( 16, 40 ),( 0, 46 ),( 31, 40 ),( 25, 17 ),( 10, 21 ),( 11, 12 ),( 6, 8 ),( 6, 39 ),( 11, 35 ),( 10, 26 ),( 25, 30 ),( 31, 7 ),( 0, 1 )
point : ( 16, 40 ) , order : 11
  ( 16, 40 ),( 25, 30 ),( 37, 21 ),( 11, 35 ),( 41, 8 ),( 6, 8 ),( 36, 35 ),( 10, 21 ),( 22, 30 ),( 31, 40 ),( 0, 1 )
point : ( 17, 22 ) , order : 44
  ( 17, 22 ),( 11, 12 ),( 8, 6 ),( 37, 21 ),( 7, 16 ),( 16, 7 ),( 21, 37 ),( 6, 8 ),( 12, 11 ),( 22, 17 ),( 1, 0 ),( 22, 30 ),( 12, 36 ),( 6, 39 ),( 21, 10 ),( 16, 40 ),( 7, 31 ),( 37, 26 ),( 8, 41 ),( 11, 35 ),( 17, 25 ),( 0, 46 ),( 30, 25 ),( 36, 35 ),( 39, 41 ),( 10, 26 ),( 40, 31 ),( 31, 40 ),( 26, 10 ),( 41, 39 ),( 35, 36 ),( 25, 30 ),( 46, 0 ),( 25, 17 ),( 35, 11 ),( 41, 8 ),( 26, 37 ),( 31, 7 ),( 40, 16 ),( 10, 21 ),( 39, 6 ),( 36, 12 ),( 30, 22 ),( 0, 1 )
point : ( 17, 25 ) , order : 44
  ( 17, 25 ),( 36, 12 ),( 8, 41 ),( 10, 21 ),( 7, 31 ),( 31, 7 ),( 21, 10 ),( 41, 8 ),( 12, 36 ),( 25, 17 ),( 1, 0 ),( 25, 30 ),( 12, 11 ),( 41, 39 ),( 21, 37 ),( 31, 40 ),( 7, 16 ),( 10, 26 ),( 8, 6 ),( 36, 35 ),( 17, 22 ),( 0, 46 ),( 30, 22 ),( 11, 35 ),( 39, 6 ),( 37, 26 ),( 40, 16 ),( 16, 40 ),( 26, 37 ),( 6, 39 ),( 35, 11 ),( 22, 30 ),( 46, 0 ),( 22, 17 ),( 35, 36 ),( 6, 8 ),( 26, 10 ),( 16, 7 ),( 40, 31 ),( 37, 21 ),( 39, 41 ),( 11, 12 ),( 30, 25 ),( 0, 1 )
point : ( 21, 10 ) , order : 44
  ( 21, 10 ),( 41, 39 ),( 17, 22 ),( 16, 40 ),( 35, 36 ),( 11, 12 ),( 7, 31 ),( 25, 30 ),( 8, 6 ),( 37, 26 ),( 46, 0 ),( 37, 21 ),( 8, 41 ),( 25, 17 ),( 7, 16 ),( 11, 35 ),( 35, 11 ),( 16, 7 ),( 17, 25 ),( 41, 8 ),( 21, 37 ),( 0, 46 ),( 26, 37 ),( 6, 8 ),( 30, 25 ),( 31, 7 ),( 12, 11 ),( 36, 35 ),( 40, 16 ),( 22, 17 ),( 39, 41 ),( 10, 21 ),( 1, 0 ),( 10, 26 ),( 39, 6 ),( 22, 30 ),( 40, 31 ),( 36, 12 ),( 12, 36 ),( 31, 40 ),( 30, 22 ),( 6, 39 ),( 26, 10 ),( 0, 1 )
point : ( 21, 37 ) , order : 44
  ( 21, 37 ),( 6, 39 ),( 17, 25 ),( 31, 40 ),( 35, 11 ),( 36, 12 ),( 7, 16 ),( 22, 30 ),( 8, 41 ),( 10, 26 ),( 46, 0 ),( 10, 21 ),( 8, 6 ),( 22, 17 ),( 7, 31 ),( 36, 35 ),( 35, 36 ),( 31, 7 ),( 17, 22 ),( 6, 8 ),( 21, 10 ),( 0, 46 ),( 26, 10 ),( 41, 8 ),( 30, 22 ),( 16, 7 ),( 12, 36 ),( 11, 35 ),( 40, 31 ),( 25, 17 ),( 39, 6 ),( 37, 21 ),( 1, 0 ),( 37, 26 ),( 39, 41 ),( 25, 30 ),( 40, 16 ),( 11, 12 ),( 12, 11 ),( 16, 40 ),( 30, 25 ),( 41, 39 ),( 26, 37 ),( 0, 1 )
point : ( 22, 17 ) , order : 22
  ( 22, 17 ),( 11, 35 ),( 41, 39 ),( 10, 21 ),( 16, 7 ),( 16, 40 ),( 10, 26 ),( 41, 8 ),( 11, 12 ),( 22, 30 ),( 0, 46 ),( 25, 30 ),( 36, 12 ),( 6, 8 ),( 37, 26 ),( 31, 40 ),( 31, 7 ),( 37, 21 ),( 6, 39 ),( 36, 35 ),( 25, 17 ),( 0, 1 )
point : ( 22, 30 ) , order : 11
  ( 22, 30 ),( 36, 35 ),( 41, 8 ),( 37, 21 ),( 16, 40 ),( 31, 40 ),( 10, 21 ),( 6, 8 ),( 11, 35 ),( 25, 30 ),( 0, 1 )
point : ( 25, 17 ) , order : 22
  ( 25, 17 ),( 36, 35 ),( 6, 39 ),( 37, 21 ),( 31, 7 ),( 31, 40 ),( 37, 26 ),( 6, 8 ),( 36, 12 ),( 25, 30 ),( 0, 46 ),( 22, 30 ),( 11, 12 ),( 41, 8 ),( 10, 26 ),( 16, 40 ),( 16, 7 ),( 10, 21 ),( 41, 39 ),( 11, 35 ),( 22, 17 ),( 0, 1 )
point : ( 25, 30 ) , order : 11
  ( 25, 30 ),( 11, 35 ),( 6, 8 ),( 10, 21 ),( 31, 40 ),( 16, 40 ),( 37, 21 ),( 41, 8 ),( 36, 35 ),( 22, 30 ),( 0, 1 )
point : ( 26, 10 ) , order : 44
  ( 26, 10 ),( 6, 39 ),( 30, 22 ),( 31, 40 ),( 12, 36 ),( 36, 12 ),( 40, 31 ),( 22, 30 ),( 39, 6 ),( 10, 26 ),( 1, 0 ),( 10, 21 ),( 39, 41 ),( 22, 17 ),( 40, 16 ),( 36, 35 ),( 12, 11 ),( 31, 7 ),( 30, 25 ),( 6, 8 ),( 26, 37 ),( 0, 46 ),( 21, 37 ),( 41, 8 ),( 17, 25 ),( 16, 7 ),( 35, 11 ),( 11, 35 ),( 7, 16 ),( 25, 17 ),( 8, 41 ),( 37, 21 ),( 46, 0 ),( 37, 26 ),( 8, 6 ),( 25, 30 ),( 7, 31 ),( 11, 12 ),( 35, 36 ),( 16, 40 ),( 17, 22 ),( 41, 39 ),( 21, 10 ),( 0, 1 )
point : ( 26, 37 ) , order : 44
  ( 26, 37 ),( 41, 39 ),( 30, 25 ),( 16, 40 ),( 12, 11 ),( 11, 12 ),( 40, 16 ),( 25, 30 ),( 39, 41 ),( 37, 26 ),( 1, 0 ),( 37, 21 ),( 39, 6 ),( 25, 17 ),( 40, 31 ),( 11, 35 ),( 12, 36 ),( 16, 7 ),( 30, 22 ),( 41, 8 ),( 26, 10 ),( 0, 46 ),( 21, 10 ),( 6, 8 ),( 17, 22 ),( 31, 7 ),( 35, 36 ),( 36, 35 ),( 7, 31 ),( 22, 17 ),( 8, 6 ),( 10, 21 ),( 46, 0 ),( 10, 26 ),( 8, 41 ),( 22, 30 ),( 7, 16 ),( 36, 12 ),( 35, 11 ),( 31, 40 ),( 17, 25 ),( 6, 39 ),( 21, 37 ),( 0, 1 )
point : ( 30, 22 ) , order : 44
  ( 30, 22 ),( 36, 12 ),( 39, 6 ),( 10, 21 ),( 40, 16 ),( 31, 7 ),( 26, 37 ),( 41, 8 ),( 35, 11 ),( 25, 17 ),( 46, 0 ),( 25, 30 ),( 35, 36 ),( 41, 39 ),( 26, 10 ),( 31, 40 ),( 40, 31 ),( 10, 26 ),( 39, 41 ),( 36, 35 ),( 30, 25 ),( 0, 46 ),( 17, 25 ),( 11, 35 ),( 8, 41 ),( 37, 26 ),( 7, 31 ),( 16, 40 ),( 21, 10 ),( 6, 39 ),( 12, 36 ),( 22, 30 ),( 1, 0 ),( 22, 17 ),( 12, 11 ),( 6, 8 ),( 21, 37 ),( 16, 7 ),( 7, 16 ),( 37, 21 ),( 8, 6 ),( 11, 12 ),( 17, 22 ),( 0, 1 )
point : ( 30, 25 ) , order : 44
  ( 30, 25 ),( 11, 12 ),( 39, 41 ),( 37, 21 ),( 40, 31 ),( 16, 7 ),( 26, 10 ),( 6, 8 ),( 35, 36 ),( 22, 17 ),( 46, 0 ),( 22, 30 ),( 35, 11 ),( 6, 39 ),( 26, 37 ),( 16, 40 ),( 40, 16 ),( 37, 26 ),( 39, 6 ),( 11, 35 ),( 30, 22 ),( 0, 46 ),( 17, 22 ),( 36, 35 ),( 8, 6 ),( 10, 26 ),( 7, 16 ),( 31, 40 ),( 21, 37 ),( 41, 39 ),( 12, 11 ),( 25, 30 ),( 1, 0 ),( 25, 17 ),( 12, 36 ),( 41, 8 ),( 21, 10 ),( 31, 7 ),( 7, 31 ),( 10, 21 ),( 8, 41 ),( 36, 12 ),( 17, 25 ),( 0, 1 )
point : ( 31, 7 ) , order : 22
  ( 31, 7 ),( 25, 30 ),( 10, 26 ),( 11, 35 ),( 6, 39 ),( 6, 8 ),( 11, 12 ),( 10, 21 ),( 25, 17 ),( 31, 40 ),( 0, 46 ),( 16, 40 ),( 22, 17 ),( 37, 21 ),( 36, 12 ),( 41, 8 ),( 41, 39 ),( 36, 35 ),( 37, 26 ),( 22, 30 ),( 16, 7 ),( 0, 1 )
point : ( 31, 40 ) , order : 11
  ( 31, 40 ),( 22, 30 ),( 10, 21 ),( 36, 35 ),( 6, 8 ),( 41, 8 ),( 11, 35 ),( 37, 21 ),( 25, 30 ),( 16, 40 ),( 0, 1 )
point : ( 35, 11 ) , order : 44
  ( 35, 11 ),( 10, 26 ),( 7, 31 ),( 6, 8 ),( 30, 22 ),( 25, 17 ),( 39, 41 ),( 16, 40 ),( 21, 37 ),( 36, 12 ),( 46, 0 ),( 36, 35 ),( 21, 10 ),( 16, 7 ),( 39, 6 ),( 25, 30 ),( 30, 25 ),( 6, 39 ),( 7, 16 ),( 10, 21 ),( 35, 36 ),( 0, 46 ),( 12, 36 ),( 37, 21 ),( 40, 16 ),( 41, 39 ),( 17, 25 ),( 22, 30 ),( 8, 6 ),( 31, 7 ),( 26, 10 ),( 11, 35 ),( 1, 0 ),( 11, 12 ),( 26, 37 ),( 31, 40 ),( 8, 41 ),( 22, 17 ),( 17, 22 ),( 41, 8 ),( 40, 31 ),( 37, 26 ),( 12, 11 ),( 0, 1 )
point : ( 35, 36 ) , order : 44
  ( 35, 36 ),( 37, 26 ),( 7, 16 ),( 41, 8 ),( 30, 25 ),( 22, 17 ),( 39, 6 ),( 31, 40 ),( 21, 10 ),( 11, 12 ),( 46, 0 ),( 11, 35 ),( 21, 37 ),( 31, 7 ),( 39, 41 ),( 22, 30 ),( 30, 22 ),( 41, 39 ),( 7, 31 ),( 37, 21 ),( 35, 11 ),( 0, 46 ),( 12, 11 ),( 10, 21 ),( 40, 31 ),( 6, 39 ),( 17, 22 ),( 25, 30 ),( 8, 41 ),( 16, 7 ),( 26, 37 ),( 36, 35 ),( 1, 0 ),( 36, 12 ),( 26, 10 ),( 16, 40 ),( 8, 6 ),( 25, 17 ),( 17, 25 ),( 6, 8 ),( 40, 16 ),( 10, 26 ),( 12, 36 ),( 0, 1 )
point : ( 36, 12 ) , order : 22
  ( 36, 12 ),( 10, 21 ),( 31, 7 ),( 41, 8 ),( 25, 17 ),( 25, 30 ),( 41, 39 ),( 31, 40 ),( 10, 26 ),( 36, 35 ),( 0, 46 ),( 11, 35 ),( 37, 26 ),( 16, 40 ),( 6, 39 ),( 22, 30 ),( 22, 17 ),( 6, 8 ),( 16, 7 ),( 37, 21 ),( 11, 12 ),( 0, 1 )
point : ( 36, 35 ) , order : 11
  ( 36, 35 ),( 37, 21 ),( 31, 40 ),( 6, 8 ),( 25, 30 ),( 22, 30 ),( 41, 8 ),( 16, 40 ),( 10, 21 ),( 11, 35 ),( 0, 1 )
point : ( 37, 21 ) , order : 11
  ( 37, 21 ),( 6, 8 ),( 22, 30 ),( 16, 40 ),( 11, 35 ),( 36, 35 ),( 31, 40 ),( 25, 30 ),( 41, 8 ),( 10, 21 ),( 0, 1 )
point : ( 37, 26 ) , order : 22
  ( 37, 26 ),( 41, 8 ),( 22, 17 ),( 31, 40 ),( 11, 12 ),( 11, 35 ),( 31, 7 ),( 22, 30 ),( 41, 39 ),( 37, 21 ),( 0, 46 ),( 10, 21 ),( 6, 39 ),( 25, 30 ),( 16, 7 ),( 36, 35 ),( 36, 12 ),( 16, 40 ),( 25, 17 ),( 6, 8 ),( 10, 26 ),( 0, 1 )
point : ( 39, 6 ) , order : 44
  ( 39, 6 ),( 31, 7 ),( 35, 11 ),( 25, 30 ),( 26, 10 ),( 10, 26 ),( 30, 25 ),( 11, 35 ),( 7, 31 ),( 6, 39 ),( 1, 0 ),( 6, 8 ),( 7, 16 ),( 11, 12 ),( 30, 22 ),( 10, 21 ),( 26, 37 ),( 25, 17 ),( 35, 36 ),( 31, 40 ),( 39, 41 ),( 0, 46 ),( 8, 41 ),( 16, 40 ),( 12, 36 ),( 22, 17 ),( 21, 37 ),( 37, 21 ),( 17, 22 ),( 36, 12 ),( 40, 16 ),( 41, 8 ),( 46, 0 ),( 41, 39 ),( 40, 31 ),( 36, 35 ),( 17, 25 ),( 37, 26 ),( 21, 10 ),( 22, 30 ),( 12, 11 ),( 16, 7 ),( 8, 6 ),( 0, 1 )
point : ( 39, 41 ) , order : 44
  ( 39, 41 ),( 16, 7 ),( 35, 36 ),( 22, 30 ),( 26, 37 ),( 37, 26 ),( 30, 22 ),( 36, 35 ),( 7, 16 ),( 41, 39 ),( 1, 0 ),( 41, 8 ),( 7, 31 ),( 36, 12 ),( 30, 25 ),( 37, 21 ),( 26, 10 ),( 22, 17 ),( 35, 11 ),( 16, 40 ),( 39, 6 ),( 0, 46 ),( 8, 6 ),( 31, 40 ),( 12, 11 ),( 25, 17 ),( 21, 10 ),( 10, 21 ),( 17, 25 ),( 11, 12 ),( 40, 31 ),( 6, 8 ),( 46, 0 ),( 6, 39 ),( 40, 16 ),( 11, 35 ),( 17, 22 ),( 10, 26 ),( 21, 37 ),( 25, 30 ),( 12, 36 ),( 31, 7 ),( 8, 41 ),( 0, 1 )
point : ( 40, 16 ) , order : 44
  ( 40, 16 ),( 25, 17 ),( 26, 10 ),( 36, 35 ),( 8, 41 ),( 6, 39 ),( 12, 11 ),( 37, 21 ),( 30, 22 ),( 31, 7 ),( 46, 0 ),( 31, 40 ),( 30, 25 ),( 37, 26 ),( 12, 36 ),( 6, 8 ),( 8, 6 ),( 36, 12 ),( 26, 37 ),( 25, 30 ),( 40, 31 ),( 0, 46 ),( 7, 31 ),( 22, 30 ),( 21, 37 ),( 11, 12 ),( 39, 6 ),( 41, 8 ),( 35, 36 ),( 10, 26 ),( 17, 25 ),( 16, 40 ),( 1, 0 ),( 16, 7 ),( 17, 22 ),( 10, 21 ),( 35, 11 ),( 41, 39 ),( 39, 41 ),( 11, 35 ),( 21, 10 ),( 22, 17 ),( 7, 16 ),( 0, 1 )
point : ( 40, 31 ) , order : 44
  ( 40, 31 ),( 22, 17 ),( 26, 37 ),( 11, 35 ),( 8, 6 ),( 41, 39 ),( 12, 36 ),( 10, 21 ),( 30, 25 ),( 16, 7 ),( 46, 0 ),( 16, 40 ),( 30, 22 ),( 10, 26 ),( 12, 11 ),( 41, 8 ),( 8, 41 ),( 11, 12 ),( 26, 10 ),( 22, 30 ),( 40, 16 ),( 0, 46 ),( 7, 16 ),( 25, 30 ),( 21, 10 ),( 36, 12 ),( 39, 41 ),( 6, 8 ),( 35, 11 ),( 37, 26 ),( 17, 22 ),( 31, 40 ),( 1, 0 ),( 31, 7 ),( 17, 25 ),( 37, 21 ),( 35, 36 ),( 6, 39 ),( 39, 6 ),( 36, 35 ),( 21, 37 ),( 25, 17 ),( 7, 31 ),( 0, 1 )
point : ( 41, 8 ) , order : 11
  ( 41, 8 ),( 31, 40 ),( 11, 35 ),( 22, 30 ),( 37, 21 ),( 10, 21 ),( 25, 30 ),( 36, 35 ),( 16, 40 ),( 6, 8 ),( 0, 1 )
point : ( 41, 39 ) , order : 22
  ( 41, 39 ),( 16, 40 ),( 11, 12 ),( 25, 30 ),( 37, 26 ),( 37, 21 ),( 25, 17 ),( 11, 35 ),( 16, 7 ),( 41, 8 ),( 0, 46 ),( 6, 8 ),( 31, 7 ),( 36, 35 ),( 22, 17 ),( 10, 21 ),( 10, 26 ),( 22, 30 ),( 36, 12 ),( 31, 40 ),( 6, 39 ),( 0, 1 )
point : ( 46, 0 ) , order : 4
  ( 46, 0 ),( 0, 46 ),( 1, 0 ),( 0, 1 )
