素数 : 43
d : 2
a : 6
平方テーブル : {1=>1,
 2=>4,
 3=>9,
 4=>16,
 5=>25,
 6=>36,
 7=>6,
 8=>21,
 9=>38,
 10=>14,
 11=>35,
 12=>15,
 13=>40,
 14=>24,
 15=>10,
 16=>41,
 17=>31,
 18=>23,
 19=>17,
 20=>13,
 21=>11,
 22=>11,
 23=>13,
 24=>17,
 25=>23,
 26=>31,
 27=>41,
 28=>10,
 29=>24,
 30=>40,
 31=>15,
 32=>35,
 33=>14,
 34=>38,
 35=>21,
 36=>6,
 37=>36,
 38=>25,
 39=>16,
 40=>9,
 41=>4,
 42=>1}
平方根テーブル : [[1, [1, 42]],
 [4, [2, 41]],
 [6, [7, 36]],
 [9, [3, 40]],
 [10, [15, 28]],
 [11, [21, 22]],
 [13, [20, 23]],
 [14, [10, 33]],
 [15, [12, 31]],
 [16, [4, 39]],
 [17, [19, 24]],
 [21, [8, 35]],
 [23, [18, 25]],
 [24, [14, 29]],
 [25, [5, 38]],
 [31, [17, 26]],
 [35, [11, 32]],
 [36, [6, 37]],
 [38, [9, 34]],
 [40, [13, 30]],
 [41, [16, 27]]]
非平方剰余数(d候補) : [2, 3, 5, 7, 8, 12, 18, 19, 20, 22, 26, 27, 28, 29, 30, 32, 33, 34, 37, 39, 42]
逆数テーブル : {1=>1,
 2=>22,
 3=>29,
 4=>11,
 5=>26,
 6=>36,
 7=>37,
 8=>27,
 9=>24,
 10=>13,
 11=>4,
 12=>18,
 13=>10,
 14=>40,
 15=>23,
 16=>35,
 17=>38,
 18=>12,
 19=>34,
 20=>28,
 21=>41,
 22=>2,
 23=>15,
 24=>9,
 25=>31,
 26=>5,
 27=>8,
 28=>20,
 29=>3,
 30=>33,
 31=>25,
 32=>39,
 33=>30,
 34=>19,
 35=>16,
 36=>6,
 37=>7,
 38=>17,
 39=>32,
 40=>14,
 41=>21,
 42=>42}
曲線上の点 : [
 ( 0, 1 ),
 ( 0, 42 ),
 ( 3, 6 ),
 ( 3, 37 ),
 ( 4, 15 ),
 ( 4, 28 ),
 ( 6, 0 ),
 ( 7, 21 ),
 ( 7, 22 ),
 ( 9, 9 ),
 ( 9, 34 ),
 ( 11, 20 ),
 ( 11, 23 ),
 ( 12, 3 ),
 ( 12, 40 ),
 ( 13, 12 ),
 ( 13, 31 ),
 ( 14, 5 ),
 ( 14, 38 ),
 ( 18, 2 ),
 ( 18, 41 ),
 ( 25, 2 ),
 ( 25, 41 ),
 ( 29, 5 ),
 ( 29, 38 ),
 ( 30, 12 ),
 ( 30, 31 ),
 ( 31, 3 ),
 ( 31, 40 ),
 ( 32, 20 ),
 ( 32, 23 ),
 ( 34, 9 ),
 ( 34, 34 ),
 ( 36, 21 ),
 ( 36, 22 ),
 ( 37, 0 ),
 ( 39, 15 ),
 ( 39, 28 ),
 ( 40, 6 ),
 ( 40, 37 ),
]
各点をベースポイントとして加算した点 :
point : ( 0, 1 ) , order : 1
  ( 0, 1 )
point : ( 0, 42 ) , order : 2
  ( 0, 42 ),( 0, 1 )
point : ( 3, 6 ) , order : 40
  ( 3, 6 ),( 9, 9 ),( 13, 31 ),( 31, 3 ),( 4, 15 ),( 18, 41 ),( 14, 38 ),( 11, 23 ),( 36, 22 ),( 6, 0 ),( 36, 21 ),( 11, 20 ),( 14, 5 ),( 18, 2 ),( 4, 28 ),( 31, 40 ),( 13, 12 ),( 9, 34 ),( 3, 37 ),( 0, 42 ),( 40, 37 ),( 34, 34 ),( 30, 12 ),( 12, 40 ),( 39, 28 ),( 25, 2 ),( 29, 5 ),( 32, 20 ),( 7, 21 ),( 37, 0 ),( 7, 22 ),( 32, 23 ),( 29, 38 ),( 25, 41 ),( 39, 15 ),( 12, 3 ),( 30, 31 ),( 34, 9 ),( 40, 6 ),( 0, 1 )
point : ( 3, 37 ) , order : 40
  ( 3, 37 ),( 34, 9 ),( 13, 12 ),( 12, 3 ),( 4, 28 ),( 25, 41 ),( 14, 5 ),( 32, 23 ),( 36, 21 ),( 37, 0 ),( 36, 22 ),( 32, 20 ),( 14, 38 ),( 25, 2 ),( 4, 15 ),( 12, 40 ),( 13, 31 ),( 34, 34 ),( 3, 6 ),( 0, 42 ),( 40, 6 ),( 9, 34 ),( 30, 31 ),( 31, 40 ),( 39, 15 ),( 18, 2 ),( 29, 38 ),( 11, 20 ),( 7, 22 ),( 6, 0 ),( 7, 21 ),( 11, 23 ),( 29, 5 ),( 18, 41 ),( 39, 28 ),( 31, 3 ),( 30, 12 ),( 9, 9 ),( 40, 37 ),( 0, 1 )
point : ( 4, 15 ) , order : 8
  ( 4, 15 ),( 6, 0 ),( 4, 28 ),( 0, 42 ),( 39, 28 ),( 37, 0 ),( 39, 15 ),( 0, 1 )
point : ( 4, 28 ) , order : 8
  ( 4, 28 ),( 37, 0 ),( 4, 15 ),( 0, 42 ),( 39, 15 ),( 6, 0 ),( 39, 28 ),( 0, 1 )
point : ( 6, 0 ) , order : 4
  ( 6, 0 ),( 0, 42 ),( 37, 0 ),( 0, 1 )
point : ( 7, 21 ) , order : 40
  ( 7, 21 ),( 9, 34 ),( 14, 38 ),( 12, 3 ),( 39, 28 ),( 18, 2 ),( 13, 31 ),( 32, 23 ),( 40, 37 ),( 6, 0 ),( 40, 6 ),( 32, 20 ),( 13, 12 ),( 18, 41 ),( 39, 15 ),( 12, 40 ),( 14, 5 ),( 9, 9 ),( 7, 22 ),( 0, 42 ),( 36, 22 ),( 34, 9 ),( 29, 5 ),( 31, 40 ),( 4, 15 ),( 25, 41 ),( 30, 12 ),( 11, 20 ),( 3, 6 ),( 37, 0 ),( 3, 37 ),( 11, 23 ),( 30, 31 ),( 25, 2 ),( 4, 28 ),( 31, 3 ),( 29, 38 ),( 34, 34 ),( 36, 21 ),( 0, 1 )
point : ( 7, 22 ) , order : 40
  ( 7, 22 ),( 34, 34 ),( 14, 5 ),( 31, 3 ),( 39, 15 ),( 25, 2 ),( 13, 12 ),( 11, 23 ),( 40, 6 ),( 37, 0 ),( 40, 37 ),( 11, 20 ),( 13, 31 ),( 25, 41 ),( 39, 28 ),( 31, 40 ),( 14, 38 ),( 34, 9 ),( 7, 21 ),( 0, 42 ),( 36, 21 ),( 9, 9 ),( 29, 38 ),( 12, 40 ),( 4, 28 ),( 18, 41 ),( 30, 31 ),( 32, 20 ),( 3, 37 ),( 6, 0 ),( 3, 6 ),( 32, 23 ),( 30, 12 ),( 18, 2 ),( 4, 15 ),( 12, 3 ),( 29, 5 ),( 9, 34 ),( 36, 22 ),( 0, 1 )
point : ( 9, 9 ) , order : 20
  ( 9, 9 ),( 31, 3 ),( 18, 41 ),( 11, 23 ),( 6, 0 ),( 11, 20 ),( 18, 2 ),( 31, 40 ),( 9, 34 ),( 0, 42 ),( 34, 34 ),( 12, 40 ),( 25, 2 ),( 32, 20 ),( 37, 0 ),( 32, 23 ),( 25, 41 ),( 12, 3 ),( 34, 9 ),( 0, 1 )
point : ( 9, 34 ) , order : 20
  ( 9, 34 ),( 12, 3 ),( 18, 2 ),( 32, 23 ),( 6, 0 ),( 32, 20 ),( 18, 41 ),( 12, 40 ),( 9, 9 ),( 0, 42 ),( 34, 9 ),( 31, 40 ),( 25, 41 ),( 11, 20 ),( 37, 0 ),( 11, 23 ),( 25, 2 ),( 31, 3 ),( 34, 34 ),( 0, 1 )
point : ( 11, 20 ) , order : 10
  ( 11, 20 ),( 12, 40 ),( 12, 3 ),( 11, 23 ),( 0, 42 ),( 32, 23 ),( 31, 3 ),( 31, 40 ),( 32, 20 ),( 0, 1 )
point : ( 11, 23 ) , order : 5
  ( 11, 23 ),( 31, 40 ),( 12, 40 ),( 32, 23 ),( 0, 1 )
point : ( 12, 3 ) , order : 10
  ( 12, 3 ),( 32, 23 ),( 32, 20 ),( 12, 40 ),( 0, 42 ),( 31, 40 ),( 11, 20 ),( 11, 23 ),( 31, 3 ),( 0, 1 )
point : ( 12, 40 ) , order : 5
  ( 12, 40 ),( 11, 23 ),( 32, 23 ),( 31, 40 ),( 0, 1 )
point : ( 13, 12 ) , order : 40
  ( 13, 12 ),( 25, 41 ),( 36, 21 ),( 32, 20 ),( 4, 15 ),( 34, 34 ),( 40, 6 ),( 31, 40 ),( 29, 38 ),( 6, 0 ),( 29, 5 ),( 31, 3 ),( 40, 37 ),( 34, 9 ),( 4, 28 ),( 32, 23 ),( 36, 22 ),( 25, 2 ),( 13, 31 ),( 0, 42 ),( 30, 31 ),( 18, 2 ),( 7, 22 ),( 11, 23 ),( 39, 28 ),( 9, 9 ),( 3, 37 ),( 12, 3 ),( 14, 5 ),( 37, 0 ),( 14, 38 ),( 12, 40 ),( 3, 6 ),( 9, 34 ),( 39, 15 ),( 11, 20 ),( 7, 21 ),( 18, 41 ),( 30, 12 ),( 0, 1 )
point : ( 13, 31 ) , order : 40
  ( 13, 31 ),( 18, 41 ),( 36, 22 ),( 11, 20 ),( 4, 28 ),( 9, 34 ),( 40, 37 ),( 12, 40 ),( 29, 5 ),( 37, 0 ),( 29, 38 ),( 12, 3 ),( 40, 6 ),( 9, 9 ),( 4, 15 ),( 11, 23 ),( 36, 21 ),( 18, 2 ),( 13, 12 ),( 0, 42 ),( 30, 12 ),( 25, 2 ),( 7, 21 ),( 32, 23 ),( 39, 15 ),( 34, 9 ),( 3, 6 ),( 31, 3 ),( 14, 38 ),( 6, 0 ),( 14, 5 ),( 31, 40 ),( 3, 37 ),( 34, 34 ),( 39, 28 ),( 32, 20 ),( 7, 22 ),( 25, 41 ),( 30, 31 ),( 0, 1 )
point : ( 14, 5 ) , order : 40
  ( 14, 5 ),( 25, 2 ),( 40, 6 ),( 11, 20 ),( 39, 28 ),( 34, 9 ),( 36, 21 ),( 12, 40 ),( 30, 31 ),( 6, 0 ),( 30, 12 ),( 12, 3 ),( 36, 22 ),( 34, 34 ),( 39, 15 ),( 11, 23 ),( 40, 37 ),( 25, 41 ),( 14, 38 ),( 0, 42 ),( 29, 38 ),( 18, 41 ),( 3, 37 ),( 32, 23 ),( 4, 15 ),( 9, 34 ),( 7, 22 ),( 31, 3 ),( 13, 12 ),( 37, 0 ),( 13, 31 ),( 31, 40 ),( 7, 21 ),( 9, 9 ),( 4, 28 ),( 32, 20 ),( 3, 6 ),( 18, 2 ),( 29, 5 ),( 0, 1 )
point : ( 14, 38 ) , order : 40
  ( 14, 38 ),( 18, 2 ),( 40, 37 ),( 32, 20 ),( 39, 15 ),( 9, 9 ),( 36, 22 ),( 31, 40 ),( 30, 12 ),( 37, 0 ),( 30, 31 ),( 31, 3 ),( 36, 21 ),( 9, 34 ),( 39, 28 ),( 32, 23 ),( 40, 6 ),( 18, 41 ),( 14, 5 ),( 0, 42 ),( 29, 5 ),( 25, 41 ),( 3, 6 ),( 11, 23 ),( 4, 28 ),( 34, 34 ),( 7, 21 ),( 12, 3 ),( 13, 31 ),( 6, 0 ),( 13, 12 ),( 12, 40 ),( 7, 22 ),( 34, 9 ),( 4, 15 ),( 11, 20 ),( 3, 37 ),( 25, 2 ),( 29, 38 ),( 0, 1 )
point : ( 18, 2 ) , order : 20
  ( 18, 2 ),( 32, 20 ),( 9, 9 ),( 31, 40 ),( 37, 0 ),( 31, 3 ),( 9, 34 ),( 32, 23 ),( 18, 41 ),( 0, 42 ),( 25, 41 ),( 11, 23 ),( 34, 34 ),( 12, 3 ),( 6, 0 ),( 12, 40 ),( 34, 9 ),( 11, 20 ),( 25, 2 ),( 0, 1 )
point : ( 18, 41 ) , order : 20
  ( 18, 41 ),( 11, 20 ),( 9, 34 ),( 12, 40 ),( 37, 0 ),( 12, 3 ),( 9, 9 ),( 11, 23 ),( 18, 2 ),( 0, 42 ),( 25, 2 ),( 32, 23 ),( 34, 9 ),( 31, 3 ),( 6, 0 ),( 31, 40 ),( 34, 34 ),( 32, 20 ),( 25, 41 ),( 0, 1 )
point : ( 25, 2 ) , order : 20
  ( 25, 2 ),( 11, 20 ),( 34, 9 ),( 12, 40 ),( 6, 0 ),( 12, 3 ),( 34, 34 ),( 11, 23 ),( 25, 41 ),( 0, 42 ),( 18, 41 ),( 32, 23 ),( 9, 34 ),( 31, 3 ),( 37, 0 ),( 31, 40 ),( 9, 9 ),( 32, 20 ),( 18, 2 ),( 0, 1 )
point : ( 25, 41 ) , order : 20
  ( 25, 41 ),( 32, 20 ),( 34, 34 ),( 31, 40 ),( 6, 0 ),( 31, 3 ),( 34, 9 ),( 32, 23 ),( 25, 2 ),( 0, 42 ),( 18, 2 ),( 11, 23 ),( 9, 9 ),( 12, 3 ),( 37, 0 ),( 12, 40 ),( 9, 34 ),( 11, 20 ),( 18, 41 ),( 0, 1 )
point : ( 29, 5 ) , order : 40
  ( 29, 5 ),( 18, 2 ),( 3, 6 ),( 32, 20 ),( 4, 28 ),( 9, 9 ),( 7, 21 ),( 31, 40 ),( 13, 31 ),( 37, 0 ),( 13, 12 ),( 31, 3 ),( 7, 22 ),( 9, 34 ),( 4, 15 ),( 32, 23 ),( 3, 37 ),( 18, 41 ),( 29, 38 ),( 0, 42 ),( 14, 38 ),( 25, 41 ),( 40, 37 ),( 11, 23 ),( 39, 15 ),( 34, 34 ),( 36, 22 ),( 12, 3 ),( 30, 12 ),( 6, 0 ),( 30, 31 ),( 12, 40 ),( 36, 21 ),( 34, 9 ),( 39, 28 ),( 11, 20 ),( 40, 6 ),( 25, 2 ),( 14, 5 ),( 0, 1 )
point : ( 29, 38 ) , order : 40
  ( 29, 38 ),( 25, 2 ),( 3, 37 ),( 11, 20 ),( 4, 15 ),( 34, 9 ),( 7, 22 ),( 12, 40 ),( 13, 12 ),( 6, 0 ),( 13, 31 ),( 12, 3 ),( 7, 21 ),( 34, 34 ),( 4, 28 ),( 11, 23 ),( 3, 6 ),( 25, 41 ),( 29, 5 ),( 0, 42 ),( 14, 5 ),( 18, 41 ),( 40, 6 ),( 32, 23 ),( 39, 28 ),( 9, 34 ),( 36, 21 ),( 31, 3 ),( 30, 31 ),( 37, 0 ),( 30, 12 ),( 31, 40 ),( 36, 22 ),( 9, 9 ),( 39, 15 ),( 32, 20 ),( 40, 37 ),( 18, 2 ),( 14, 38 ),( 0, 1 )
point : ( 30, 12 ) , order : 40
  ( 30, 12 ),( 18, 41 ),( 7, 21 ),( 11, 20 ),( 39, 15 ),( 9, 34 ),( 3, 6 ),( 12, 40 ),( 14, 38 ),( 37, 0 ),( 14, 5 ),( 12, 3 ),( 3, 37 ),( 9, 9 ),( 39, 28 ),( 11, 23 ),( 7, 22 ),( 18, 2 ),( 30, 31 ),( 0, 42 ),( 13, 31 ),( 25, 2 ),( 36, 22 ),( 32, 23 ),( 4, 28 ),( 34, 9 ),( 40, 37 ),( 31, 3 ),( 29, 5 ),( 6, 0 ),( 29, 38 ),( 31, 40 ),( 40, 6 ),( 34, 34 ),( 4, 15 ),( 32, 20 ),( 36, 21 ),( 25, 41 ),( 13, 12 ),( 0, 1 )
point : ( 30, 31 ) , order : 40
  ( 30, 31 ),( 25, 41 ),( 7, 22 ),( 32, 20 ),( 39, 28 ),( 34, 34 ),( 3, 37 ),( 31, 40 ),( 14, 5 ),( 6, 0 ),( 14, 38 ),( 31, 3 ),( 3, 6 ),( 34, 9 ),( 39, 15 ),( 32, 23 ),( 7, 21 ),( 25, 2 ),( 30, 12 ),( 0, 42 ),( 13, 12 ),( 18, 2 ),( 36, 21 ),( 11, 23 ),( 4, 15 ),( 9, 9 ),( 40, 6 ),( 12, 3 ),( 29, 38 ),( 37, 0 ),( 29, 5 ),( 12, 40 ),( 40, 37 ),( 9, 34 ),( 4, 28 ),( 11, 20 ),( 36, 22 ),( 18, 41 ),( 13, 31 ),( 0, 1 )
point : ( 31, 3 ) , order : 10
  ( 31, 3 ),( 11, 23 ),( 11, 20 ),( 31, 40 ),( 0, 42 ),( 12, 40 ),( 32, 20 ),( 32, 23 ),( 12, 3 ),( 0, 1 )
point : ( 31, 40 ) , order : 5
  ( 31, 40 ),( 32, 23 ),( 11, 23 ),( 12, 40 ),( 0, 1 )
point : ( 32, 20 ) , order : 10
  ( 32, 20 ),( 31, 40 ),( 31, 3 ),( 32, 23 ),( 0, 42 ),( 11, 23 ),( 12, 3 ),( 12, 40 ),( 11, 20 ),( 0, 1 )
point : ( 32, 23 ) , order : 5
  ( 32, 23 ),( 12, 40 ),( 31, 40 ),( 11, 23 ),( 0, 1 )
point : ( 34, 9 ) , order : 20
  ( 34, 9 ),( 12, 3 ),( 25, 41 ),( 32, 23 ),( 37, 0 ),( 32, 20 ),( 25, 2 ),( 12, 40 ),( 34, 34 ),( 0, 42 ),( 9, 34 ),( 31, 40 ),( 18, 2 ),( 11, 20 ),( 6, 0 ),( 11, 23 ),( 18, 41 ),( 31, 3 ),( 9, 9 ),( 0, 1 )
point : ( 34, 34 ) , order : 20
  ( 34, 34 ),( 31, 3 ),( 25, 2 ),( 11, 23 ),( 37, 0 ),( 11, 20 ),( 25, 41 ),( 31, 40 ),( 34, 9 ),( 0, 42 ),( 9, 9 ),( 12, 40 ),( 18, 41 ),( 32, 20 ),( 6, 0 ),( 32, 23 ),( 18, 2 ),( 12, 3 ),( 9, 34 ),( 0, 1 )
point : ( 36, 21 ) , order : 40
  ( 36, 21 ),( 34, 34 ),( 29, 38 ),( 31, 3 ),( 4, 28 ),( 25, 2 ),( 30, 31 ),( 11, 23 ),( 3, 37 ),( 37, 0 ),( 3, 6 ),( 11, 20 ),( 30, 12 ),( 25, 41 ),( 4, 15 ),( 31, 40 ),( 29, 5 ),( 34, 9 ),( 36, 22 ),( 0, 42 ),( 7, 22 ),( 9, 9 ),( 14, 5 ),( 12, 40 ),( 39, 15 ),( 18, 41 ),( 13, 12 ),( 32, 20 ),( 40, 6 ),( 6, 0 ),( 40, 37 ),( 32, 23 ),( 13, 31 ),( 18, 2 ),( 39, 28 ),( 12, 3 ),( 14, 38 ),( 9, 34 ),( 7, 21 ),( 0, 1 )
point : ( 36, 22 ) , order : 40
  ( 36, 22 ),( 9, 34 ),( 29, 5 ),( 12, 3 ),( 4, 15 ),( 18, 2 ),( 30, 12 ),( 32, 23 ),( 3, 6 ),( 6, 0 ),( 3, 37 ),( 32, 20 ),( 30, 31 ),( 18, 41 ),( 4, 28 ),( 12, 40 ),( 29, 38 ),( 9, 9 ),( 36, 21 ),( 0, 42 ),( 7, 21 ),( 34, 9 ),( 14, 38 ),( 31, 40 ),( 39, 28 ),( 25, 41 ),( 13, 31 ),( 11, 20 ),( 40, 37 ),( 37, 0 ),( 40, 6 ),( 11, 23 ),( 13, 12 ),( 25, 2 ),( 39, 15 ),( 31, 3 ),( 14, 5 ),( 34, 34 ),( 7, 22 ),( 0, 1 )
point : ( 37, 0 ) , order : 4
  ( 37, 0 ),( 0, 42 ),( 6, 0 ),( 0, 1 )
point : ( 39, 15 ) , order : 8
  ( 39, 15 ),( 37, 0 ),( 39, 28 ),( 0, 42 ),( 4, 28 ),( 6, 0 ),( 4, 15 ),( 0, 1 )
point : ( 39, 28 ) , order : 8
  ( 39, 28 ),( 6, 0 ),( 39, 15 ),( 0, 42 ),( 4, 15 ),( 37, 0 ),( 4, 28 ),( 0, 1 )
point : ( 40, 6 ) , order : 40
  ( 40, 6 ),( 34, 9 ),( 30, 31 ),( 12, 3 ),( 39, 15 ),( 25, 41 ),( 29, 38 ),( 32, 23 ),( 7, 22 ),( 37, 0 ),( 7, 21 ),( 32, 20 ),( 29, 5 ),( 25, 2 ),( 39, 28 ),( 12, 40 ),( 30, 12 ),( 34, 34 ),( 40, 37 ),( 0, 42 ),( 3, 37 ),( 9, 34 ),( 13, 12 ),( 31, 40 ),( 4, 28 ),( 18, 2 ),( 14, 5 ),( 11, 20 ),( 36, 21 ),( 6, 0 ),( 36, 22 ),( 11, 23 ),( 14, 38 ),( 18, 41 ),( 4, 15 ),( 31, 3 ),( 13, 31 ),( 9, 9 ),( 3, 6 ),( 0, 1 )
point : ( 40, 37 ) , order : 40
  ( 40, 37 ),( 9, 9 ),( 30, 12 ),( 31, 3 ),( 39, 28 ),( 18, 41 ),( 29, 5 ),( 11, 23 ),( 7, 21 ),( 6, 0 ),( 7, 22 ),( 11, 20 ),( 29, 38 ),( 18, 2 ),( 39, 15 ),( 31, 40 ),( 30, 31 ),( 9, 34 ),( 40, 6 ),( 0, 42 ),( 3, 6 ),( 34, 34 ),( 13, 31 ),( 12, 40 ),( 4, 15 ),( 25, 2 ),( 14, 38 ),( 32, 20 ),( 36, 22 ),( 37, 0 ),( 36, 21 ),( 32, 23 ),( 14, 5 ),( 25, 41 ),( 4, 28 ),( 12, 3 ),( 13, 12 ),( 34, 9 ),( 3, 37 ),( 0, 1 )
