素数 : 41
d : 3
a : 1
平方テーブル : {1=>1,
 2=>4,
 3=>9,
 4=>16,
 5=>25,
 6=>36,
 7=>8,
 8=>23,
 9=>40,
 10=>18,
 11=>39,
 12=>21,
 13=>5,
 14=>32,
 15=>20,
 16=>10,
 17=>2,
 18=>37,
 19=>33,
 20=>31,
 21=>31,
 22=>33,
 23=>37,
 24=>2,
 25=>10,
 26=>20,
 27=>32,
 28=>5,
 29=>21,
 30=>39,
 31=>18,
 32=>40,
 33=>23,
 34=>8,
 35=>36,
 36=>25,
 37=>16,
 38=>9,
 39=>4,
 40=>1}
平方根テーブル : [[1, [1, 40]],
 [2, [17, 24]],
 [4, [2, 39]],
 [5, [13, 28]],
 [8, [7, 34]],
 [9, [3, 38]],
 [10, [16, 25]],
 [16, [4, 37]],
 [18, [10, 31]],
 [20, [15, 26]],
 [21, [12, 29]],
 [23, [8, 33]],
 [25, [5, 36]],
 [31, [20, 21]],
 [32, [14, 27]],
 [33, [19, 22]],
 [36, [6, 35]],
 [37, [18, 23]],
 [39, [11, 30]],
 [40, [9, 32]]]
非平方剰余数(d候補) : [3, 6, 7, 11, 12, 13, 14, 15, 17, 19, 22, 24, 26, 27, 28, 29, 30, 34, 35, 38]
逆数テーブル : {1=>1,
 2=>21,
 3=>14,
 4=>31,
 5=>33,
 6=>7,
 7=>6,
 8=>36,
 9=>32,
 10=>37,
 11=>15,
 12=>24,
 13=>19,
 14=>3,
 15=>11,
 16=>18,
 17=>29,
 18=>16,
 19=>13,
 20=>39,
 21=>2,
 22=>28,
 23=>25,
 24=>12,
 25=>23,
 26=>30,
 27=>38,
 28=>22,
 29=>17,
 30=>26,
 31=>4,
 32=>9,
 33=>5,
 34=>35,
 35=>34,
 36=>8,
 37=>10,
 38=>27,
 39=>20,
 40=>40}
曲線上の点 : [
 ( 0, 1 ),
 ( 0, 40 ),
 ( 1, 0 ),
 ( 2, 2 ),
 ( 2, 39 ),
 ( 4, 8 ),
 ( 4, 33 ),
 ( 8, 4 ),
 ( 8, 37 ),
 ( 9, 12 ),
 ( 9, 29 ),
 ( 10, 11 ),
 ( 10, 30 ),
 ( 11, 10 ),
 ( 11, 31 ),
 ( 12, 9 ),
 ( 12, 32 ),
 ( 17, 19 ),
 ( 17, 22 ),
 ( 19, 17 ),
 ( 19, 24 ),
 ( 22, 17 ),
 ( 22, 24 ),
 ( 24, 19 ),
 ( 24, 22 ),
 ( 29, 9 ),
 ( 29, 32 ),
 ( 30, 10 ),
 ( 30, 31 ),
 ( 31, 11 ),
 ( 31, 30 ),
 ( 32, 12 ),
 ( 32, 29 ),
 ( 33, 4 ),
 ( 33, 37 ),
 ( 37, 8 ),
 ( 37, 33 ),
 ( 39, 2 ),
 ( 39, 39 ),
 ( 40, 0 ),
]
各点をベースポイントとして加算した点 :
point : ( 0, 1 ) , order : 1
  ( 0, 1 )
point : ( 0, 40 ) , order : 2
  ( 0, 40 ),( 0, 1 )
point : ( 1, 0 ) , order : 4
  ( 1, 0 ),( 0, 40 ),( 40, 0 ),( 0, 1 )
point : ( 2, 2 ) , order : 8
  ( 2, 2 ),( 1, 0 ),( 2, 39 ),( 0, 40 ),( 39, 39 ),( 40, 0 ),( 39, 2 ),( 0, 1 )
point : ( 2, 39 ) , order : 8
  ( 2, 39 ),( 40, 0 ),( 2, 2 ),( 0, 40 ),( 39, 2 ),( 1, 0 ),( 39, 39 ),( 0, 1 )
point : ( 4, 8 ) , order : 40
  ( 4, 8 ),( 9, 12 ),( 11, 10 ),( 19, 17 ),( 39, 2 ),( 24, 22 ),( 31, 30 ),( 29, 32 ),( 33, 37 ),( 40, 0 ),( 33, 4 ),( 29, 9 ),( 31, 11 ),( 24, 19 ),( 39, 39 ),( 19, 24 ),( 11, 31 ),( 9, 29 ),( 4, 33 ),( 0, 40 ),( 37, 33 ),( 32, 29 ),( 30, 31 ),( 22, 24 ),( 2, 39 ),( 17, 19 ),( 10, 11 ),( 12, 9 ),( 8, 4 ),( 1, 0 ),( 8, 37 ),( 12, 32 ),( 10, 30 ),( 17, 22 ),( 2, 2 ),( 22, 17 ),( 30, 10 ),( 32, 12 ),( 37, 8 ),( 0, 1 )
point : ( 4, 33 ) , order : 40
  ( 4, 33 ),( 32, 12 ),( 11, 31 ),( 22, 17 ),( 39, 39 ),( 17, 22 ),( 31, 11 ),( 12, 32 ),( 33, 4 ),( 1, 0 ),( 33, 37 ),( 12, 9 ),( 31, 30 ),( 17, 19 ),( 39, 2 ),( 22, 24 ),( 11, 10 ),( 32, 29 ),( 4, 8 ),( 0, 40 ),( 37, 8 ),( 9, 29 ),( 30, 10 ),( 19, 24 ),( 2, 2 ),( 24, 19 ),( 10, 30 ),( 29, 9 ),( 8, 37 ),( 40, 0 ),( 8, 4 ),( 29, 32 ),( 10, 11 ),( 24, 22 ),( 2, 39 ),( 19, 17 ),( 30, 31 ),( 9, 12 ),( 37, 33 ),( 0, 1 )
point : ( 8, 4 ) , order : 40
  ( 8, 4 ),( 9, 29 ),( 31, 30 ),( 22, 17 ),( 2, 39 ),( 24, 19 ),( 11, 10 ),( 12, 32 ),( 37, 33 ),( 40, 0 ),( 37, 8 ),( 12, 9 ),( 11, 31 ),( 24, 22 ),( 2, 2 ),( 22, 24 ),( 31, 11 ),( 9, 12 ),( 8, 37 ),( 0, 40 ),( 33, 37 ),( 32, 12 ),( 10, 11 ),( 19, 24 ),( 39, 2 ),( 17, 22 ),( 30, 31 ),( 29, 9 ),( 4, 8 ),( 1, 0 ),( 4, 33 ),( 29, 32 ),( 30, 10 ),( 17, 19 ),( 39, 39 ),( 19, 17 ),( 10, 30 ),( 32, 29 ),( 33, 4 ),( 0, 1 )
point : ( 8, 37 ) , order : 40
  ( 8, 37 ),( 32, 29 ),( 31, 11 ),( 19, 17 ),( 2, 2 ),( 17, 19 ),( 11, 31 ),( 29, 32 ),( 37, 8 ),( 1, 0 ),( 37, 33 ),( 29, 9 ),( 11, 10 ),( 17, 22 ),( 2, 39 ),( 19, 24 ),( 31, 30 ),( 32, 12 ),( 8, 4 ),( 0, 40 ),( 33, 4 ),( 9, 12 ),( 10, 30 ),( 22, 24 ),( 39, 39 ),( 24, 22 ),( 30, 10 ),( 12, 9 ),( 4, 33 ),( 40, 0 ),( 4, 8 ),( 12, 32 ),( 30, 31 ),( 24, 19 ),( 39, 2 ),( 22, 17 ),( 10, 11 ),( 9, 29 ),( 33, 37 ),( 0, 1 )
point : ( 9, 12 ) , order : 20
  ( 9, 12 ),( 19, 17 ),( 24, 22 ),( 29, 32 ),( 40, 0 ),( 29, 9 ),( 24, 19 ),( 19, 24 ),( 9, 29 ),( 0, 40 ),( 32, 29 ),( 22, 24 ),( 17, 19 ),( 12, 9 ),( 1, 0 ),( 12, 32 ),( 17, 22 ),( 22, 17 ),( 32, 12 ),( 0, 1 )
point : ( 9, 29 ) , order : 20
  ( 9, 29 ),( 22, 17 ),( 24, 19 ),( 12, 32 ),( 40, 0 ),( 12, 9 ),( 24, 22 ),( 22, 24 ),( 9, 12 ),( 0, 40 ),( 32, 12 ),( 19, 24 ),( 17, 22 ),( 29, 9 ),( 1, 0 ),( 29, 32 ),( 17, 19 ),( 19, 17 ),( 32, 29 ),( 0, 1 )
point : ( 10, 11 ) , order : 40
  ( 10, 11 ),( 24, 19 ),( 4, 8 ),( 12, 9 ),( 39, 39 ),( 9, 12 ),( 8, 4 ),( 19, 24 ),( 11, 10 ),( 1, 0 ),( 11, 31 ),( 19, 17 ),( 8, 37 ),( 9, 29 ),( 39, 2 ),( 12, 32 ),( 4, 33 ),( 24, 22 ),( 10, 30 ),( 0, 40 ),( 31, 30 ),( 17, 22 ),( 37, 33 ),( 29, 32 ),( 2, 2 ),( 32, 29 ),( 33, 37 ),( 22, 17 ),( 30, 31 ),( 40, 0 ),( 30, 10 ),( 22, 24 ),( 33, 4 ),( 32, 12 ),( 2, 39 ),( 29, 9 ),( 37, 8 ),( 17, 19 ),( 31, 11 ),( 0, 1 )
point : ( 10, 30 ) , order : 40
  ( 10, 30 ),( 17, 19 ),( 4, 33 ),( 29, 9 ),( 39, 2 ),( 32, 12 ),( 8, 37 ),( 22, 24 ),( 11, 31 ),( 40, 0 ),( 11, 10 ),( 22, 17 ),( 8, 4 ),( 32, 29 ),( 39, 39 ),( 29, 32 ),( 4, 8 ),( 17, 22 ),( 10, 11 ),( 0, 40 ),( 31, 11 ),( 24, 22 ),( 37, 8 ),( 12, 32 ),( 2, 39 ),( 9, 29 ),( 33, 4 ),( 19, 17 ),( 30, 10 ),( 1, 0 ),( 30, 31 ),( 19, 24 ),( 33, 37 ),( 9, 12 ),( 2, 2 ),( 12, 9 ),( 37, 33 ),( 24, 19 ),( 31, 30 ),( 0, 1 )
point : ( 11, 10 ) , order : 40
  ( 11, 10 ),( 24, 22 ),( 33, 37 ),( 29, 9 ),( 39, 39 ),( 9, 29 ),( 37, 33 ),( 22, 24 ),( 10, 11 ),( 1, 0 ),( 10, 30 ),( 22, 17 ),( 37, 8 ),( 9, 12 ),( 39, 2 ),( 29, 32 ),( 33, 4 ),( 24, 19 ),( 11, 31 ),( 0, 40 ),( 30, 31 ),( 17, 19 ),( 8, 4 ),( 12, 32 ),( 2, 2 ),( 32, 12 ),( 4, 8 ),( 19, 17 ),( 31, 30 ),( 40, 0 ),( 31, 11 ),( 19, 24 ),( 4, 33 ),( 32, 29 ),( 2, 39 ),( 12, 9 ),( 8, 37 ),( 17, 22 ),( 30, 10 ),( 0, 1 )
point : ( 11, 31 ) , order : 40
  ( 11, 31 ),( 17, 22 ),( 33, 4 ),( 12, 9 ),( 39, 2 ),( 32, 29 ),( 37, 8 ),( 19, 24 ),( 10, 30 ),( 40, 0 ),( 10, 11 ),( 19, 17 ),( 37, 33 ),( 32, 12 ),( 39, 39 ),( 12, 32 ),( 33, 37 ),( 17, 19 ),( 11, 10 ),( 0, 40 ),( 30, 10 ),( 24, 19 ),( 8, 37 ),( 29, 32 ),( 2, 39 ),( 9, 12 ),( 4, 33 ),( 22, 17 ),( 31, 11 ),( 1, 0 ),( 31, 30 ),( 22, 24 ),( 4, 8 ),( 9, 29 ),( 2, 2 ),( 29, 9 ),( 8, 4 ),( 24, 22 ),( 30, 31 ),( 0, 1 )
point : ( 12, 9 ) , order : 10
  ( 12, 9 ),( 19, 24 ),( 19, 17 ),( 12, 32 ),( 0, 40 ),( 29, 32 ),( 22, 17 ),( 22, 24 ),( 29, 9 ),( 0, 1 )
point : ( 12, 32 ) , order : 5
  ( 12, 32 ),( 22, 24 ),( 19, 24 ),( 29, 32 ),( 0, 1 )
point : ( 17, 19 ) , order : 20
  ( 17, 19 ),( 29, 9 ),( 32, 12 ),( 22, 24 ),( 40, 0 ),( 22, 17 ),( 32, 29 ),( 29, 32 ),( 17, 22 ),( 0, 40 ),( 24, 22 ),( 12, 32 ),( 9, 29 ),( 19, 17 ),( 1, 0 ),( 19, 24 ),( 9, 12 ),( 12, 9 ),( 24, 19 ),( 0, 1 )
point : ( 17, 22 ) , order : 20
  ( 17, 22 ),( 12, 9 ),( 32, 29 ),( 19, 24 ),( 40, 0 ),( 19, 17 ),( 32, 12 ),( 12, 32 ),( 17, 19 ),( 0, 40 ),( 24, 19 ),( 29, 32 ),( 9, 12 ),( 22, 17 ),( 1, 0 ),( 22, 24 ),( 9, 29 ),( 29, 9 ),( 24, 22 ),( 0, 1 )
point : ( 19, 17 ) , order : 10
  ( 19, 17 ),( 29, 32 ),( 29, 9 ),( 19, 24 ),( 0, 40 ),( 22, 24 ),( 12, 9 ),( 12, 32 ),( 22, 17 ),( 0, 1 )
point : ( 19, 24 ) , order : 5
  ( 19, 24 ),( 12, 32 ),( 29, 32 ),( 22, 24 ),( 0, 1 )
point : ( 22, 17 ) , order : 10
  ( 22, 17 ),( 12, 32 ),( 12, 9 ),( 22, 24 ),( 0, 40 ),( 19, 24 ),( 29, 9 ),( 29, 32 ),( 19, 17 ),( 0, 1 )
point : ( 22, 24 ) , order : 5
  ( 22, 24 ),( 29, 32 ),( 12, 32 ),( 19, 24 ),( 0, 1 )
point : ( 24, 19 ) , order : 20
  ( 24, 19 ),( 12, 9 ),( 9, 12 ),( 19, 24 ),( 1, 0 ),( 19, 17 ),( 9, 29 ),( 12, 32 ),( 24, 22 ),( 0, 40 ),( 17, 22 ),( 29, 32 ),( 32, 29 ),( 22, 17 ),( 40, 0 ),( 22, 24 ),( 32, 12 ),( 29, 9 ),( 17, 19 ),( 0, 1 )
point : ( 24, 22 ) , order : 20
  ( 24, 22 ),( 29, 9 ),( 9, 29 ),( 22, 24 ),( 1, 0 ),( 22, 17 ),( 9, 12 ),( 29, 32 ),( 24, 19 ),( 0, 40 ),( 17, 19 ),( 12, 32 ),( 32, 12 ),( 19, 17 ),( 40, 0 ),( 19, 24 ),( 32, 29 ),( 12, 9 ),( 17, 22 ),( 0, 1 )
point : ( 29, 9 ) , order : 10
  ( 29, 9 ),( 22, 24 ),( 22, 17 ),( 29, 32 ),( 0, 40 ),( 12, 32 ),( 19, 17 ),( 19, 24 ),( 12, 9 ),( 0, 1 )
point : ( 29, 32 ) , order : 5
  ( 29, 32 ),( 19, 24 ),( 22, 24 ),( 12, 32 ),( 0, 1 )
point : ( 30, 10 ) , order : 40
  ( 30, 10 ),( 17, 22 ),( 8, 37 ),( 12, 9 ),( 2, 39 ),( 32, 29 ),( 4, 33 ),( 19, 24 ),( 31, 11 ),( 40, 0 ),( 31, 30 ),( 19, 17 ),( 4, 8 ),( 32, 12 ),( 2, 2 ),( 12, 32 ),( 8, 4 ),( 17, 19 ),( 30, 31 ),( 0, 40 ),( 11, 31 ),( 24, 19 ),( 33, 4 ),( 29, 32 ),( 39, 2 ),( 9, 12 ),( 37, 8 ),( 22, 17 ),( 10, 30 ),( 1, 0 ),( 10, 11 ),( 22, 24 ),( 37, 33 ),( 9, 29 ),( 39, 39 ),( 29, 9 ),( 33, 37 ),( 24, 22 ),( 11, 10 ),( 0, 1 )
point : ( 30, 31 ) , order : 40
  ( 30, 31 ),( 24, 22 ),( 8, 4 ),( 29, 9 ),( 2, 2 ),( 9, 29 ),( 4, 8 ),( 22, 24 ),( 31, 30 ),( 1, 0 ),( 31, 11 ),( 22, 17 ),( 4, 33 ),( 9, 12 ),( 2, 39 ),( 29, 32 ),( 8, 37 ),( 24, 19 ),( 30, 10 ),( 0, 40 ),( 11, 10 ),( 17, 19 ),( 33, 37 ),( 12, 32 ),( 39, 39 ),( 32, 12 ),( 37, 33 ),( 19, 17 ),( 10, 11 ),( 40, 0 ),( 10, 30 ),( 19, 24 ),( 37, 8 ),( 32, 29 ),( 39, 2 ),( 12, 9 ),( 33, 4 ),( 17, 22 ),( 11, 31 ),( 0, 1 )
point : ( 31, 11 ) , order : 40
  ( 31, 11 ),( 17, 19 ),( 37, 8 ),( 29, 9 ),( 2, 39 ),( 32, 12 ),( 33, 4 ),( 22, 24 ),( 30, 10 ),( 40, 0 ),( 30, 31 ),( 22, 17 ),( 33, 37 ),( 32, 29 ),( 2, 2 ),( 29, 32 ),( 37, 33 ),( 17, 22 ),( 31, 30 ),( 0, 40 ),( 10, 30 ),( 24, 22 ),( 4, 33 ),( 12, 32 ),( 39, 2 ),( 9, 29 ),( 8, 37 ),( 19, 17 ),( 11, 31 ),( 1, 0 ),( 11, 10 ),( 19, 24 ),( 8, 4 ),( 9, 12 ),( 39, 39 ),( 12, 9 ),( 4, 8 ),( 24, 19 ),( 10, 11 ),( 0, 1 )
point : ( 31, 30 ) , order : 40
  ( 31, 30 ),( 24, 19 ),( 37, 33 ),( 12, 9 ),( 2, 2 ),( 9, 12 ),( 33, 37 ),( 19, 24 ),( 30, 31 ),( 1, 0 ),( 30, 10 ),( 19, 17 ),( 33, 4 ),( 9, 29 ),( 2, 39 ),( 12, 32 ),( 37, 8 ),( 24, 22 ),( 31, 11 ),( 0, 40 ),( 10, 11 ),( 17, 22 ),( 4, 8 ),( 29, 32 ),( 39, 39 ),( 32, 29 ),( 8, 4 ),( 22, 17 ),( 11, 10 ),( 40, 0 ),( 11, 31 ),( 22, 24 ),( 8, 37 ),( 32, 12 ),( 39, 2 ),( 29, 9 ),( 4, 33 ),( 17, 19 ),( 10, 30 ),( 0, 1 )
point : ( 32, 12 ) , order : 20
  ( 32, 12 ),( 22, 17 ),( 17, 22 ),( 12, 32 ),( 1, 0 ),( 12, 9 ),( 17, 19 ),( 22, 24 ),( 32, 29 ),( 0, 40 ),( 9, 29 ),( 19, 24 ),( 24, 19 ),( 29, 9 ),( 40, 0 ),( 29, 32 ),( 24, 22 ),( 19, 17 ),( 9, 12 ),( 0, 1 )
point : ( 32, 29 ) , order : 20
  ( 32, 29 ),( 19, 17 ),( 17, 19 ),( 29, 32 ),( 1, 0 ),( 29, 9 ),( 17, 22 ),( 19, 24 ),( 32, 12 ),( 0, 40 ),( 9, 12 ),( 22, 24 ),( 24, 22 ),( 12, 9 ),( 40, 0 ),( 12, 32 ),( 24, 19 ),( 22, 17 ),( 9, 29 ),( 0, 1 )
point : ( 33, 4 ) , order : 40
  ( 33, 4 ),( 32, 29 ),( 10, 30 ),( 19, 17 ),( 39, 39 ),( 17, 19 ),( 30, 10 ),( 29, 32 ),( 4, 33 ),( 1, 0 ),( 4, 8 ),( 29, 9 ),( 30, 31 ),( 17, 22 ),( 39, 2 ),( 19, 24 ),( 10, 11 ),( 32, 12 ),( 33, 37 ),( 0, 40 ),( 8, 37 ),( 9, 12 ),( 31, 11 ),( 22, 24 ),( 2, 2 ),( 24, 22 ),( 11, 31 ),( 12, 9 ),( 37, 8 ),( 40, 0 ),( 37, 33 ),( 12, 32 ),( 11, 10 ),( 24, 19 ),( 2, 39 ),( 22, 17 ),( 31, 30 ),( 9, 29 ),( 8, 4 ),( 0, 1 )
point : ( 33, 37 ) , order : 40
  ( 33, 37 ),( 9, 29 ),( 10, 11 ),( 22, 17 ),( 39, 2 ),( 24, 19 ),( 30, 31 ),( 12, 32 ),( 4, 8 ),( 40, 0 ),( 4, 33 ),( 12, 9 ),( 30, 10 ),( 24, 22 ),( 39, 39 ),( 22, 24 ),( 10, 30 ),( 9, 12 ),( 33, 4 ),( 0, 40 ),( 8, 4 ),( 32, 12 ),( 31, 30 ),( 19, 24 ),( 2, 39 ),( 17, 22 ),( 11, 10 ),( 29, 9 ),( 37, 33 ),( 1, 0 ),( 37, 8 ),( 29, 32 ),( 11, 31 ),( 17, 19 ),( 2, 2 ),( 19, 17 ),( 31, 11 ),( 32, 29 ),( 8, 37 ),( 0, 1 )
point : ( 37, 8 ) , order : 40
  ( 37, 8 ),( 32, 12 ),( 30, 10 ),( 22, 17 ),( 2, 2 ),( 17, 22 ),( 10, 30 ),( 12, 32 ),( 8, 37 ),( 1, 0 ),( 8, 4 ),( 12, 9 ),( 10, 11 ),( 17, 19 ),( 2, 39 ),( 22, 24 ),( 30, 31 ),( 32, 29 ),( 37, 33 ),( 0, 40 ),( 4, 33 ),( 9, 29 ),( 11, 31 ),( 19, 24 ),( 39, 39 ),( 24, 19 ),( 31, 11 ),( 29, 9 ),( 33, 4 ),( 40, 0 ),( 33, 37 ),( 29, 32 ),( 31, 30 ),( 24, 22 ),( 39, 2 ),( 19, 17 ),( 11, 10 ),( 9, 12 ),( 4, 8 ),( 0, 1 )
point : ( 37, 33 ) , order : 40
  ( 37, 33 ),( 9, 12 ),( 30, 31 ),( 19, 17 ),( 2, 39 ),( 24, 22 ),( 10, 11 ),( 29, 32 ),( 8, 4 ),( 40, 0 ),( 8, 37 ),( 29, 9 ),( 10, 30 ),( 24, 19 ),( 2, 2 ),( 19, 24 ),( 30, 10 ),( 9, 29 ),( 37, 8 ),( 0, 40 ),( 4, 8 ),( 32, 29 ),( 11, 10 ),( 22, 24 ),( 39, 2 ),( 17, 19 ),( 31, 30 ),( 12, 9 ),( 33, 37 ),( 1, 0 ),( 33, 4 ),( 12, 32 ),( 31, 11 ),( 17, 22 ),( 39, 39 ),( 22, 17 ),( 11, 31 ),( 32, 12 ),( 4, 33 ),( 0, 1 )
point : ( 39, 2 ) , order : 8
  ( 39, 2 ),( 40, 0 ),( 39, 39 ),( 0, 40 ),( 2, 39 ),( 1, 0 ),( 2, 2 ),( 0, 1 )
point : ( 39, 39 ) , order : 8
  ( 39, 39 ),( 1, 0 ),( 39, 2 ),( 0, 40 ),( 2, 2 ),( 40, 0 ),( 2, 39 ),( 0, 1 )
point : ( 40, 0 ) , order : 4
  ( 40, 0 ),( 0, 40 ),( 1, 0 ),( 0, 1 )
