素数 : 43
d : 2
a : 4
平方テーブル : {1=>1,
 2=>4,
 3=>9,
 4=>16,
 5=>25,
 6=>36,
 7=>6,
 8=>21,
 9=>38,
 10=>14,
 11=>35,
 12=>15,
 13=>40,
 14=>24,
 15=>10,
 16=>41,
 17=>31,
 18=>23,
 19=>17,
 20=>13,
 21=>11,
 22=>11,
 23=>13,
 24=>17,
 25=>23,
 26=>31,
 27=>41,
 28=>10,
 29=>24,
 30=>40,
 31=>15,
 32=>35,
 33=>14,
 34=>38,
 35=>21,
 36=>6,
 37=>36,
 38=>25,
 39=>16,
 40=>9,
 41=>4,
 42=>1}
平方根テーブル : [[1, [1, 42]],
 [4, [2, 41]],
 [6, [7, 36]],
 [9, [3, 40]],
 [10, [15, 28]],
 [11, [21, 22]],
 [13, [20, 23]],
 [14, [10, 33]],
 [15, [12, 31]],
 [16, [4, 39]],
 [17, [19, 24]],
 [21, [8, 35]],
 [23, [18, 25]],
 [24, [14, 29]],
 [25, [5, 38]],
 [31, [17, 26]],
 [35, [11, 32]],
 [36, [6, 37]],
 [38, [9, 34]],
 [40, [13, 30]],
 [41, [16, 27]]]
非平方剰余数(d候補) : [2, 3, 5, 7, 8, 12, 18, 19, 20, 22, 26, 27, 28, 29, 30, 32, 33, 34, 37, 39, 42]
逆数テーブル : {1=>1,
 2=>22,
 3=>29,
 4=>11,
 5=>26,
 6=>36,
 7=>37,
 8=>27,
 9=>24,
 10=>13,
 11=>4,
 12=>18,
 13=>10,
 14=>40,
 15=>23,
 16=>35,
 17=>38,
 18=>12,
 19=>34,
 20=>28,
 21=>41,
 22=>2,
 23=>15,
 24=>9,
 25=>31,
 26=>5,
 27=>8,
 28=>20,
 29=>3,
 30=>33,
 31=>25,
 32=>39,
 33=>30,
 34=>19,
 35=>16,
 36=>6,
 37=>7,
 38=>17,
 39=>32,
 40=>14,
 41=>21,
 42=>42}
曲線上の点 : [
 ( 0, 1 ),
 ( 0, 42 ),
 ( 3, 13 ),
 ( 3, 30 ),
 ( 5, 9 ),
 ( 5, 34 ),
 ( 7, 7 ),
 ( 7, 36 ),
 ( 8, 18 ),
 ( 8, 25 ),
 ( 9, 16 ),
 ( 9, 27 ),
 ( 10, 15 ),
 ( 10, 28 ),
 ( 14, 20 ),
 ( 14, 23 ),
 ( 15, 6 ),
 ( 15, 37 ),
 ( 17, 10 ),
 ( 17, 33 ),
 ( 18, 14 ),
 ( 18, 29 ),
 ( 21, 0 ),
 ( 22, 0 ),
 ( 25, 14 ),
 ( 25, 29 ),
 ( 26, 10 ),
 ( 26, 33 ),
 ( 28, 6 ),
 ( 28, 37 ),
 ( 29, 20 ),
 ( 29, 23 ),
 ( 33, 15 ),
 ( 33, 28 ),
 ( 34, 16 ),
 ( 34, 27 ),
 ( 35, 18 ),
 ( 35, 25 ),
 ( 36, 7 ),
 ( 36, 36 ),
 ( 38, 9 ),
 ( 38, 34 ),
 ( 40, 13 ),
 ( 40, 30 ),
]
各点をベースポイントとして加算した点 :
point : ( 0, 1 ) , order : 1
  ( 0, 1 )
point : ( 0, 42 ) , order : 2
  ( 0, 42 ),( 0, 1 )
point : ( 3, 13 ) , order : 44
  ( 3, 13 ),( 18, 29 ),( 38, 34 ),( 9, 27 ),( 29, 20 ),( 10, 15 ),( 35, 18 ),( 17, 33 ),( 36, 36 ),( 28, 6 ),( 22, 0 ),( 28, 37 ),( 36, 7 ),( 17, 10 ),( 35, 25 ),( 10, 28 ),( 29, 23 ),( 9, 16 ),( 38, 9 ),( 18, 14 ),( 3, 30 ),( 0, 42 ),( 40, 30 ),( 25, 14 ),( 5, 9 ),( 34, 16 ),( 14, 23 ),( 33, 28 ),( 8, 25 ),( 26, 10 ),( 7, 7 ),( 15, 37 ),( 21, 0 ),( 15, 6 ),( 7, 36 ),( 26, 33 ),( 8, 18 ),( 33, 15 ),( 14, 20 ),( 34, 27 ),( 5, 34 ),( 25, 29 ),( 40, 13 ),( 0, 1 )
point : ( 3, 30 ) , order : 44
  ( 3, 30 ),( 25, 29 ),( 38, 9 ),( 34, 27 ),( 29, 23 ),( 33, 15 ),( 35, 25 ),( 26, 33 ),( 36, 7 ),( 15, 6 ),( 22, 0 ),( 15, 37 ),( 36, 36 ),( 26, 10 ),( 35, 18 ),( 33, 28 ),( 29, 20 ),( 34, 16 ),( 38, 34 ),( 25, 14 ),( 3, 13 ),( 0, 42 ),( 40, 13 ),( 18, 14 ),( 5, 34 ),( 9, 16 ),( 14, 20 ),( 10, 28 ),( 8, 18 ),( 17, 10 ),( 7, 36 ),( 28, 37 ),( 21, 0 ),( 28, 6 ),( 7, 7 ),( 17, 33 ),( 8, 25 ),( 10, 15 ),( 14, 23 ),( 9, 27 ),( 5, 9 ),( 18, 29 ),( 40, 30 ),( 0, 1 )
point : ( 5, 9 ) , order : 44
  ( 5, 9 ),( 10, 15 ),( 7, 7 ),( 28, 37 ),( 8, 18 ),( 9, 16 ),( 40, 13 ),( 25, 14 ),( 29, 20 ),( 26, 10 ),( 22, 0 ),( 26, 33 ),( 29, 23 ),( 25, 29 ),( 40, 30 ),( 9, 27 ),( 8, 25 ),( 28, 6 ),( 7, 36 ),( 10, 28 ),( 5, 34 ),( 0, 42 ),( 38, 34 ),( 33, 28 ),( 36, 36 ),( 15, 6 ),( 35, 25 ),( 34, 27 ),( 3, 30 ),( 18, 29 ),( 14, 23 ),( 17, 33 ),( 21, 0 ),( 17, 10 ),( 14, 20 ),( 18, 14 ),( 3, 13 ),( 34, 16 ),( 35, 18 ),( 15, 37 ),( 36, 7 ),( 33, 15 ),( 38, 9 ),( 0, 1 )
point : ( 5, 34 ) , order : 44
  ( 5, 34 ),( 33, 15 ),( 7, 36 ),( 15, 37 ),( 8, 25 ),( 34, 16 ),( 40, 30 ),( 18, 14 ),( 29, 23 ),( 17, 10 ),( 22, 0 ),( 17, 33 ),( 29, 20 ),( 18, 29 ),( 40, 13 ),( 34, 27 ),( 8, 18 ),( 15, 6 ),( 7, 7 ),( 33, 28 ),( 5, 9 ),( 0, 42 ),( 38, 9 ),( 10, 28 ),( 36, 7 ),( 28, 6 ),( 35, 18 ),( 9, 27 ),( 3, 13 ),( 25, 29 ),( 14, 20 ),( 26, 33 ),( 21, 0 ),( 26, 10 ),( 14, 23 ),( 25, 14 ),( 3, 30 ),( 9, 16 ),( 35, 25 ),( 28, 37 ),( 36, 36 ),( 10, 15 ),( 38, 34 ),( 0, 1 )
point : ( 7, 7 ) , order : 44
  ( 7, 7 ),( 9, 16 ),( 29, 20 ),( 26, 33 ),( 40, 30 ),( 28, 6 ),( 5, 34 ),( 33, 28 ),( 35, 25 ),( 18, 29 ),( 21, 0 ),( 18, 14 ),( 35, 18 ),( 33, 15 ),( 5, 9 ),( 28, 37 ),( 40, 13 ),( 26, 10 ),( 29, 23 ),( 9, 27 ),( 7, 36 ),( 0, 42 ),( 36, 36 ),( 34, 27 ),( 14, 23 ),( 17, 10 ),( 3, 13 ),( 15, 37 ),( 38, 9 ),( 10, 15 ),( 8, 18 ),( 25, 14 ),( 22, 0 ),( 25, 29 ),( 8, 25 ),( 10, 28 ),( 38, 34 ),( 15, 6 ),( 3, 30 ),( 17, 33 ),( 14, 20 ),( 34, 16 ),( 36, 7 ),( 0, 1 )
point : ( 7, 36 ) , order : 44
  ( 7, 36 ),( 34, 16 ),( 29, 23 ),( 17, 33 ),( 40, 13 ),( 15, 6 ),( 5, 9 ),( 10, 28 ),( 35, 18 ),( 25, 29 ),( 21, 0 ),( 25, 14 ),( 35, 25 ),( 10, 15 ),( 5, 34 ),( 15, 37 ),( 40, 30 ),( 17, 10 ),( 29, 20 ),( 34, 27 ),( 7, 7 ),( 0, 42 ),( 36, 7 ),( 9, 27 ),( 14, 20 ),( 26, 10 ),( 3, 30 ),( 28, 37 ),( 38, 34 ),( 33, 15 ),( 8, 25 ),( 18, 14 ),( 22, 0 ),( 18, 29 ),( 8, 18 ),( 33, 28 ),( 38, 9 ),( 28, 6 ),( 3, 13 ),( 26, 33 ),( 14, 23 ),( 9, 16 ),( 36, 36 ),( 0, 1 )
point : ( 8, 18 ) , order : 44
  ( 8, 18 ),( 26, 10 ),( 40, 30 ),( 10, 28 ),( 36, 36 ),( 18, 29 ),( 14, 20 ),( 15, 37 ),( 5, 9 ),( 9, 16 ),( 22, 0 ),( 9, 27 ),( 5, 34 ),( 15, 6 ),( 14, 23 ),( 18, 14 ),( 36, 7 ),( 10, 15 ),( 40, 13 ),( 26, 33 ),( 8, 25 ),( 0, 42 ),( 35, 25 ),( 17, 33 ),( 3, 13 ),( 33, 15 ),( 7, 7 ),( 25, 14 ),( 29, 23 ),( 28, 6 ),( 38, 34 ),( 34, 27 ),( 21, 0 ),( 34, 16 ),( 38, 9 ),( 28, 37 ),( 29, 20 ),( 25, 29 ),( 7, 36 ),( 33, 28 ),( 3, 30 ),( 17, 10 ),( 35, 18 ),( 0, 1 )
point : ( 8, 25 ) , order : 44
  ( 8, 25 ),( 17, 10 ),( 40, 13 ),( 33, 28 ),( 36, 7 ),( 25, 29 ),( 14, 23 ),( 28, 37 ),( 5, 34 ),( 34, 16 ),( 22, 0 ),( 34, 27 ),( 5, 9 ),( 28, 6 ),( 14, 20 ),( 25, 14 ),( 36, 36 ),( 33, 15 ),( 40, 30 ),( 17, 33 ),( 8, 18 ),( 0, 42 ),( 35, 18 ),( 26, 33 ),( 3, 30 ),( 10, 15 ),( 7, 36 ),( 18, 14 ),( 29, 20 ),( 15, 6 ),( 38, 9 ),( 9, 27 ),( 21, 0 ),( 9, 16 ),( 38, 34 ),( 15, 37 ),( 29, 23 ),( 18, 29 ),( 7, 7 ),( 10, 28 ),( 3, 13 ),( 26, 10 ),( 35, 25 ),( 0, 1 )
point : ( 9, 16 ) , order : 22
  ( 9, 16 ),( 26, 33 ),( 28, 6 ),( 33, 28 ),( 18, 29 ),( 18, 14 ),( 33, 15 ),( 28, 37 ),( 26, 10 ),( 9, 27 ),( 0, 42 ),( 34, 27 ),( 17, 10 ),( 15, 37 ),( 10, 15 ),( 25, 14 ),( 25, 29 ),( 10, 28 ),( 15, 6 ),( 17, 33 ),( 34, 16 ),( 0, 1 )
point : ( 9, 27 ) , order : 11
  ( 9, 27 ),( 17, 33 ),( 28, 37 ),( 10, 28 ),( 18, 14 ),( 25, 14 ),( 33, 28 ),( 15, 37 ),( 26, 33 ),( 34, 27 ),( 0, 1 )
point : ( 10, 15 ) , order : 22
  ( 10, 15 ),( 28, 37 ),( 9, 16 ),( 25, 14 ),( 26, 10 ),( 26, 33 ),( 25, 29 ),( 9, 27 ),( 28, 6 ),( 10, 28 ),( 0, 42 ),( 33, 28 ),( 15, 6 ),( 34, 27 ),( 18, 29 ),( 17, 33 ),( 17, 10 ),( 18, 14 ),( 34, 16 ),( 15, 37 ),( 33, 15 ),( 0, 1 )
point : ( 10, 28 ) , order : 11
  ( 10, 28 ),( 15, 37 ),( 9, 27 ),( 18, 14 ),( 26, 33 ),( 17, 33 ),( 25, 14 ),( 34, 27 ),( 28, 37 ),( 33, 28 ),( 0, 1 )
point : ( 14, 20 ) , order : 44
  ( 14, 20 ),( 15, 6 ),( 8, 25 ),( 25, 14 ),( 38, 9 ),( 17, 10 ),( 36, 36 ),( 9, 27 ),( 40, 13 ),( 33, 15 ),( 21, 0 ),( 33, 28 ),( 40, 30 ),( 9, 16 ),( 36, 7 ),( 17, 33 ),( 38, 34 ),( 25, 29 ),( 8, 18 ),( 15, 37 ),( 14, 23 ),( 0, 42 ),( 29, 23 ),( 28, 37 ),( 35, 18 ),( 18, 29 ),( 5, 34 ),( 26, 33 ),( 7, 7 ),( 34, 16 ),( 3, 30 ),( 10, 28 ),( 22, 0 ),( 10, 15 ),( 3, 13 ),( 34, 27 ),( 7, 36 ),( 26, 10 ),( 5, 9 ),( 18, 14 ),( 35, 25 ),( 28, 6 ),( 29, 20 ),( 0, 1 )
point : ( 14, 23 ) , order : 44
  ( 14, 23 ),( 28, 6 ),( 8, 18 ),( 18, 14 ),( 38, 34 ),( 26, 10 ),( 36, 7 ),( 34, 27 ),( 40, 30 ),( 10, 15 ),( 21, 0 ),( 10, 28 ),( 40, 13 ),( 34, 16 ),( 36, 36 ),( 26, 33 ),( 38, 9 ),( 18, 29 ),( 8, 25 ),( 28, 37 ),( 14, 20 ),( 0, 42 ),( 29, 20 ),( 15, 37 ),( 35, 25 ),( 25, 29 ),( 5, 9 ),( 17, 33 ),( 7, 36 ),( 9, 16 ),( 3, 13 ),( 33, 28 ),( 22, 0 ),( 33, 15 ),( 3, 30 ),( 9, 27 ),( 7, 7 ),( 17, 10 ),( 5, 34 ),( 25, 14 ),( 35, 18 ),( 15, 6 ),( 29, 23 ),( 0, 1 )
point : ( 15, 6 ) , order : 22
  ( 15, 6 ),( 25, 14 ),( 17, 10 ),( 9, 27 ),( 33, 15 ),( 33, 28 ),( 9, 16 ),( 17, 33 ),( 25, 29 ),( 15, 37 ),( 0, 42 ),( 28, 37 ),( 18, 29 ),( 26, 33 ),( 34, 16 ),( 10, 28 ),( 10, 15 ),( 34, 27 ),( 26, 10 ),( 18, 14 ),( 28, 6 ),( 0, 1 )
point : ( 15, 37 ) , order : 11
  ( 15, 37 ),( 18, 14 ),( 17, 33 ),( 34, 27 ),( 33, 28 ),( 10, 28 ),( 9, 27 ),( 26, 33 ),( 25, 14 ),( 28, 37 ),( 0, 1 )
point : ( 17, 10 ) , order : 22
  ( 17, 10 ),( 33, 28 ),( 25, 29 ),( 28, 37 ),( 34, 16 ),( 34, 27 ),( 28, 6 ),( 25, 14 ),( 33, 15 ),( 17, 33 ),( 0, 42 ),( 26, 33 ),( 10, 15 ),( 18, 14 ),( 15, 6 ),( 9, 27 ),( 9, 16 ),( 15, 37 ),( 18, 29 ),( 10, 28 ),( 26, 10 ),( 0, 1 )
point : ( 17, 33 ) , order : 11
  ( 17, 33 ),( 10, 28 ),( 25, 14 ),( 15, 37 ),( 34, 27 ),( 9, 27 ),( 28, 37 ),( 18, 14 ),( 33, 28 ),( 26, 33 ),( 0, 1 )
point : ( 18, 14 ) , order : 11
  ( 18, 14 ),( 34, 27 ),( 10, 28 ),( 26, 33 ),( 28, 37 ),( 15, 37 ),( 17, 33 ),( 33, 28 ),( 9, 27 ),( 25, 14 ),( 0, 1 )
point : ( 18, 29 ) , order : 22
  ( 18, 29 ),( 9, 27 ),( 10, 15 ),( 17, 33 ),( 28, 6 ),( 28, 37 ),( 17, 10 ),( 10, 28 ),( 9, 16 ),( 18, 14 ),( 0, 42 ),( 25, 14 ),( 34, 16 ),( 33, 28 ),( 26, 10 ),( 15, 37 ),( 15, 6 ),( 26, 33 ),( 33, 15 ),( 34, 27 ),( 25, 29 ),( 0, 1 )
point : ( 21, 0 ) , order : 4
  ( 21, 0 ),( 0, 42 ),( 22, 0 ),( 0, 1 )
point : ( 22, 0 ) , order : 4
  ( 22, 0 ),( 0, 42 ),( 21, 0 ),( 0, 1 )
point : ( 25, 14 ) , order : 11
  ( 25, 14 ),( 9, 27 ),( 33, 28 ),( 17, 33 ),( 15, 37 ),( 28, 37 ),( 26, 33 ),( 10, 28 ),( 34, 27 ),( 18, 14 ),( 0, 1 )
point : ( 25, 29 ) , order : 22
  ( 25, 29 ),( 34, 27 ),( 33, 15 ),( 26, 33 ),( 15, 6 ),( 15, 37 ),( 26, 10 ),( 33, 28 ),( 34, 16 ),( 25, 14 ),( 0, 42 ),( 18, 14 ),( 9, 16 ),( 10, 28 ),( 17, 10 ),( 28, 37 ),( 28, 6 ),( 17, 33 ),( 10, 15 ),( 9, 27 ),( 18, 29 ),( 0, 1 )
point : ( 26, 10 ) , order : 22
  ( 26, 10 ),( 10, 28 ),( 18, 29 ),( 15, 37 ),( 9, 16 ),( 9, 27 ),( 15, 6 ),( 18, 14 ),( 10, 15 ),( 26, 33 ),( 0, 42 ),( 17, 33 ),( 33, 15 ),( 25, 14 ),( 28, 6 ),( 34, 27 ),( 34, 16 ),( 28, 37 ),( 25, 29 ),( 33, 28 ),( 17, 10 ),( 0, 1 )
point : ( 26, 33 ) , order : 11
  ( 26, 33 ),( 33, 28 ),( 18, 14 ),( 28, 37 ),( 9, 27 ),( 34, 27 ),( 15, 37 ),( 25, 14 ),( 10, 28 ),( 17, 33 ),( 0, 1 )
point : ( 28, 6 ) , order : 22
  ( 28, 6 ),( 18, 14 ),( 26, 10 ),( 34, 27 ),( 10, 15 ),( 10, 28 ),( 34, 16 ),( 26, 33 ),( 18, 29 ),( 28, 37 ),( 0, 42 ),( 15, 37 ),( 25, 29 ),( 17, 33 ),( 9, 16 ),( 33, 28 ),( 33, 15 ),( 9, 27 ),( 17, 10 ),( 25, 14 ),( 15, 6 ),( 0, 1 )
point : ( 28, 37 ) , order : 11
  ( 28, 37 ),( 25, 14 ),( 26, 33 ),( 9, 27 ),( 10, 28 ),( 33, 28 ),( 34, 27 ),( 17, 33 ),( 18, 14 ),( 15, 37 ),( 0, 1 )
point : ( 29, 20 ) , order : 44
  ( 29, 20 ),( 28, 6 ),( 35, 25 ),( 18, 14 ),( 5, 9 ),( 26, 10 ),( 7, 36 ),( 34, 27 ),( 3, 13 ),( 10, 15 ),( 22, 0 ),( 10, 28 ),( 3, 30 ),( 34, 16 ),( 7, 7 ),( 26, 33 ),( 5, 34 ),( 18, 29 ),( 35, 18 ),( 28, 37 ),( 29, 23 ),( 0, 42 ),( 14, 23 ),( 15, 37 ),( 8, 18 ),( 25, 29 ),( 38, 34 ),( 17, 33 ),( 36, 7 ),( 9, 16 ),( 40, 30 ),( 33, 28 ),( 21, 0 ),( 33, 15 ),( 40, 13 ),( 9, 27 ),( 36, 36 ),( 17, 10 ),( 38, 9 ),( 25, 14 ),( 8, 25 ),( 15, 6 ),( 14, 20 ),( 0, 1 )
point : ( 29, 23 ) , order : 44
  ( 29, 23 ),( 15, 6 ),( 35, 18 ),( 25, 14 ),( 5, 34 ),( 17, 10 ),( 7, 7 ),( 9, 27 ),( 3, 30 ),( 33, 15 ),( 22, 0 ),( 33, 28 ),( 3, 13 ),( 9, 16 ),( 7, 36 ),( 17, 33 ),( 5, 9 ),( 25, 29 ),( 35, 25 ),( 15, 37 ),( 29, 20 ),( 0, 42 ),( 14, 20 ),( 28, 37 ),( 8, 25 ),( 18, 29 ),( 38, 9 ),( 26, 33 ),( 36, 36 ),( 34, 16 ),( 40, 13 ),( 10, 28 ),( 21, 0 ),( 10, 15 ),( 40, 30 ),( 34, 27 ),( 36, 7 ),( 26, 10 ),( 38, 34 ),( 18, 14 ),( 8, 18 ),( 28, 6 ),( 14, 23 ),( 0, 1 )
point : ( 33, 15 ) , order : 22
  ( 33, 15 ),( 15, 37 ),( 34, 16 ),( 18, 14 ),( 17, 10 ),( 17, 33 ),( 18, 29 ),( 34, 27 ),( 15, 6 ),( 33, 28 ),( 0, 42 ),( 10, 28 ),( 28, 6 ),( 9, 27 ),( 25, 29 ),( 26, 33 ),( 26, 10 ),( 25, 14 ),( 9, 16 ),( 28, 37 ),( 10, 15 ),( 0, 1 )
point : ( 33, 28 ) , order : 11
  ( 33, 28 ),( 28, 37 ),( 34, 27 ),( 25, 14 ),( 17, 33 ),( 26, 33 ),( 18, 14 ),( 9, 27 ),( 15, 37 ),( 10, 28 ),( 0, 1 )
point : ( 34, 16 ) , order : 22
  ( 34, 16 ),( 17, 33 ),( 15, 6 ),( 10, 28 ),( 25, 29 ),( 25, 14 ),( 10, 15 ),( 15, 37 ),( 17, 10 ),( 34, 27 ),( 0, 42 ),( 9, 27 ),( 26, 10 ),( 28, 37 ),( 33, 15 ),( 18, 14 ),( 18, 29 ),( 33, 28 ),( 28, 6 ),( 26, 33 ),( 9, 16 ),( 0, 1 )
point : ( 34, 27 ) , order : 11
  ( 34, 27 ),( 26, 33 ),( 15, 37 ),( 33, 28 ),( 25, 14 ),( 18, 14 ),( 10, 28 ),( 28, 37 ),( 17, 33 ),( 9, 27 ),( 0, 1 )
point : ( 35, 18 ) , order : 44
  ( 35, 18 ),( 17, 10 ),( 3, 30 ),( 33, 28 ),( 7, 36 ),( 25, 29 ),( 29, 20 ),( 28, 37 ),( 38, 9 ),( 34, 16 ),( 21, 0 ),( 34, 27 ),( 38, 34 ),( 28, 6 ),( 29, 23 ),( 25, 14 ),( 7, 7 ),( 33, 15 ),( 3, 13 ),( 17, 33 ),( 35, 25 ),( 0, 42 ),( 8, 25 ),( 26, 33 ),( 40, 13 ),( 10, 15 ),( 36, 7 ),( 18, 14 ),( 14, 23 ),( 15, 6 ),( 5, 34 ),( 9, 27 ),( 22, 0 ),( 9, 16 ),( 5, 9 ),( 15, 37 ),( 14, 20 ),( 18, 29 ),( 36, 36 ),( 10, 28 ),( 40, 30 ),( 26, 10 ),( 8, 18 ),( 0, 1 )
point : ( 35, 25 ) , order : 44
  ( 35, 25 ),( 26, 10 ),( 3, 13 ),( 10, 28 ),( 7, 7 ),( 18, 29 ),( 29, 23 ),( 15, 37 ),( 38, 34 ),( 9, 16 ),( 21, 0 ),( 9, 27 ),( 38, 9 ),( 15, 6 ),( 29, 20 ),( 18, 14 ),( 7, 36 ),( 10, 15 ),( 3, 30 ),( 26, 33 ),( 35, 18 ),( 0, 42 ),( 8, 18 ),( 17, 33 ),( 40, 30 ),( 33, 15 ),( 36, 36 ),( 25, 14 ),( 14, 20 ),( 28, 6 ),( 5, 9 ),( 34, 27 ),( 22, 0 ),( 34, 16 ),( 5, 34 ),( 28, 37 ),( 14, 23 ),( 25, 29 ),( 36, 7 ),( 33, 28 ),( 40, 13 ),( 17, 10 ),( 8, 25 ),( 0, 1 )
point : ( 36, 7 ) , order : 44
  ( 36, 7 ),( 34, 16 ),( 14, 20 ),( 17, 33 ),( 3, 30 ),( 15, 6 ),( 38, 34 ),( 10, 28 ),( 8, 25 ),( 25, 29 ),( 22, 0 ),( 25, 14 ),( 8, 18 ),( 10, 15 ),( 38, 9 ),( 15, 37 ),( 3, 13 ),( 17, 10 ),( 14, 23 ),( 34, 27 ),( 36, 36 ),( 0, 42 ),( 7, 36 ),( 9, 27 ),( 29, 23 ),( 26, 10 ),( 40, 13 ),( 28, 37 ),( 5, 9 ),( 33, 15 ),( 35, 18 ),( 18, 14 ),( 21, 0 ),( 18, 29 ),( 35, 25 ),( 33, 28 ),( 5, 34 ),( 28, 6 ),( 40, 30 ),( 26, 33 ),( 29, 20 ),( 9, 16 ),( 7, 7 ),( 0, 1 )
point : ( 36, 36 ) , order : 44
  ( 36, 36 ),( 9, 16 ),( 14, 23 ),( 26, 33 ),( 3, 13 ),( 28, 6 ),( 38, 9 ),( 33, 28 ),( 8, 18 ),( 18, 29 ),( 22, 0 ),( 18, 14 ),( 8, 25 ),( 33, 15 ),( 38, 34 ),( 28, 37 ),( 3, 30 ),( 26, 10 ),( 14, 20 ),( 9, 27 ),( 36, 7 ),( 0, 42 ),( 7, 7 ),( 34, 27 ),( 29, 20 ),( 17, 10 ),( 40, 30 ),( 15, 37 ),( 5, 34 ),( 10, 15 ),( 35, 25 ),( 25, 14 ),( 21, 0 ),( 25, 29 ),( 35, 18 ),( 10, 28 ),( 5, 9 ),( 15, 6 ),( 40, 13 ),( 17, 33 ),( 29, 23 ),( 34, 16 ),( 7, 36 ),( 0, 1 )
point : ( 38, 9 ) , order : 44
  ( 38, 9 ),( 33, 15 ),( 36, 7 ),( 15, 37 ),( 35, 18 ),( 34, 16 ),( 3, 13 ),( 18, 14 ),( 14, 20 ),( 17, 10 ),( 21, 0 ),( 17, 33 ),( 14, 23 ),( 18, 29 ),( 3, 30 ),( 34, 27 ),( 35, 25 ),( 15, 6 ),( 36, 36 ),( 33, 28 ),( 38, 34 ),( 0, 42 ),( 5, 34 ),( 10, 28 ),( 7, 36 ),( 28, 6 ),( 8, 25 ),( 9, 27 ),( 40, 30 ),( 25, 29 ),( 29, 23 ),( 26, 33 ),( 22, 0 ),( 26, 10 ),( 29, 20 ),( 25, 14 ),( 40, 13 ),( 9, 16 ),( 8, 18 ),( 28, 37 ),( 7, 7 ),( 10, 15 ),( 5, 9 ),( 0, 1 )
point : ( 38, 34 ) , order : 44
  ( 38, 34 ),( 10, 15 ),( 36, 36 ),( 28, 37 ),( 35, 25 ),( 9, 16 ),( 3, 30 ),( 25, 14 ),( 14, 23 ),( 26, 10 ),( 21, 0 ),( 26, 33 ),( 14, 20 ),( 25, 29 ),( 3, 13 ),( 9, 27 ),( 35, 18 ),( 28, 6 ),( 36, 7 ),( 10, 28 ),( 38, 9 ),( 0, 42 ),( 5, 9 ),( 33, 28 ),( 7, 7 ),( 15, 6 ),( 8, 18 ),( 34, 27 ),( 40, 13 ),( 18, 29 ),( 29, 20 ),( 17, 33 ),( 22, 0 ),( 17, 10 ),( 29, 23 ),( 18, 14 ),( 40, 30 ),( 34, 16 ),( 8, 25 ),( 15, 37 ),( 7, 36 ),( 33, 15 ),( 5, 34 ),( 0, 1 )
point : ( 40, 13 ) , order : 44
  ( 40, 13 ),( 25, 29 ),( 5, 34 ),( 34, 27 ),( 14, 20 ),( 33, 15 ),( 8, 18 ),( 26, 33 ),( 7, 36 ),( 15, 6 ),( 21, 0 ),( 15, 37 ),( 7, 7 ),( 26, 10 ),( 8, 25 ),( 33, 28 ),( 14, 23 ),( 34, 16 ),( 5, 9 ),( 25, 14 ),( 40, 30 ),( 0, 42 ),( 3, 30 ),( 18, 14 ),( 38, 9 ),( 9, 16 ),( 29, 23 ),( 10, 28 ),( 35, 25 ),( 17, 10 ),( 36, 7 ),( 28, 37 ),( 22, 0 ),( 28, 6 ),( 36, 36 ),( 17, 33 ),( 35, 18 ),( 10, 15 ),( 29, 20 ),( 9, 27 ),( 38, 34 ),( 18, 29 ),( 3, 13 ),( 0, 1 )
point : ( 40, 30 ) , order : 44
  ( 40, 30 ),( 18, 29 ),( 5, 9 ),( 9, 27 ),( 14, 23 ),( 10, 15 ),( 8, 25 ),( 17, 33 ),( 7, 7 ),( 28, 6 ),( 21, 0 ),( 28, 37 ),( 7, 36 ),( 17, 10 ),( 8, 18 ),( 10, 28 ),( 14, 20 ),( 9, 16 ),( 5, 34 ),( 18, 14 ),( 40, 13 ),( 0, 42 ),( 3, 13 ),( 25, 14 ),( 38, 34 ),( 34, 16 ),( 29, 20 ),( 33, 28 ),( 35, 18 ),( 26, 10 ),( 36, 36 ),( 15, 37 ),( 22, 0 ),( 15, 6 ),( 36, 7 ),( 26, 33 ),( 35, 25 ),( 33, 15 ),( 29, 23 ),( 34, 27 ),( 38, 9 ),( 25, 29 ),( 3, 30 ),( 0, 1 )
